100
33
9721
40
1071
9640
21
846
9746
63
451
9768
46
21
9895
2
23
9901
5
953
9983
33
30
9902
6
365
394
3
202
213
2
2243
8161
34
324
9421
70
21
9920
3
2550
3249
6428
581
9769
98
350
361
37
42
3710
8988
1253
7741
8901
3296
6724
6605
4107
9710
1503
426
9954
6
52
2162
2106
3888
7224
73
2450
5034
1463
51
9846
42
1580
8310
8823
841
9039
98
279
9736
63
845
9121
87
700
9415
50
159
481
73
941
9742
60
649
9901
80
953
9376
3
144
428
74
882
9524
77
712
5300
628
531
9418
21
919
9449
11
9729
9761
32
3601
6083
36
5767
8246
8276
10
9891
4
2294
3304
9046
5621
5707
9871
5774
5774
5774
396
9981
30
602
9119
70
960
3929
15
71
9111
79
58
449
2
95
9353
7
185
9857
1
7
9897
2
834
9278
60
347
498
7804
29
5093
5952
239
9839
45
79
226
75
5260
6552
8865
2099
6833
168
3276
4122
18
2004
5615
4349
449
9538
31
5
9011
94
3679
8757
5943
248
9834
15
634
9201
3
2543
8544
3229
1156
2349
2724
32
9477
8
5
9886
8
252
9381
77
1470
2801
4291
4713
9858
62
868
9672
56
7312
7312
7312
51
396
35
15
9982
1
6188
6188
6188
4149
5482
5108
34
9992
10
311
9356
21
450
9359
81
339
9816
13
24
9869
9
7
9632
27
2676
9712
5210
521
8082
1332
990
9350
8
2635
3818
3825
768
9275
69
780
3838
1671
2414
5600
35
5881
6658
1700
2828
4088
3459
2428
5346
6238
1671
5015
76
503
9349
50
9
9936
7
