3133
2437
1321
9994
4999
240
9473
8188
8578
293
7671
1289
5620
5096
1523
5301
3816
9912
5962
4154
6591
8512
76
5245
9156
2320
5468
1119
7348
6192
3846
71
5164
2533
7994
1516
9898
2799
14
2841
3454
1129
4002
9529
8129
3138
9920
8956
2250
3264
1098
7897
4766
8903
4745
5473
4523
3026
5314
3742
2987
5214
2986
5531
8113
6092
9023
5281
4957
2375
2458
1655
985
8006
1524
4540
2057
6707
7234
3828
8413
5812
8829
9054
2800
3218
6370
7700
1225
7686
7590
5306
6383
2265
3832
4743
8404
3907
3386
1363
313
116
6652
780
6490
2315
6928
2804
4865
5730
9254
693
2590
842
8827
8458
7392
9548
1253
7479
6732
8394
9840
7308
8305
8979
6376
572
1365
3899
49
1005
5757
1155
7786
2559
4205
3570
1631
8154
5122
3648
7181
5037
8793
4730
2288
1450
1790
5509
7480
6641
4593
1973
6962
317
4715
822
268
8392
8429
1992
7349
7235
3826
8945
520
821
6662
5206
1630
4006
7213
9952
5225
8161
9485
2593
4572
1322
9387
2981
6615
7898
8741
1905
2276
723
3444
6282
7361
2585
8809
8745
5490
5714
7493
1099
8939
8141
2745
5708
7089
3727
2483
102
8127
6264
4360
8723
3959
19
2181
2782
8510
1341
27
2237
3353
2868
3281
7487
2064
1572
9026
4071
8208
1812
6738
2126
9943
9915
2020
4482
5327
8347
3885
3344
4204
626
5413
7006
3526
7486
6090
2450
3911
2210
630
4174
6288
6320
3503
4443
9373
1989
5220
7648
3605
4920
4199
5013
9102
3077
6935
7282
7443
4313
7059
7395
1138
6671
7942
3668
6208
7614
8175
2452
4137
3928
5318
9706
5619
9897
2877
3243
2839
9617
3817
5076
2431
4551
7467
7378
3838
7681
6047
1336
2061
3659
2709
1649
72
7105
7885
8294
7769
9189
8882
6737
7094
1781
5142
1207
8148
4831
8497
8983
7767
2365
793
9541
5212
9924
758
3607
2670
8277
6180
9810
9797
545
2321
1919
6864
593
4811
8746
4925
8185
1800
3531
7605
734
6702
7355
1742
4464
9679
8014
8224
8133
278
9857
3189
6842
9313
3932
4288
5817
1184
425
4566
7928
9246
496
1824
1215
6627
9661
882
9001
3004
8128
7658
9951
9520
8640
2866
9801
7286
9614
2530
2727
3065
9371
933
2184
7228
628
5656
5728
5406
405
9049
7113
4846
8095
8258
8879
4080
8178
972
2712
8967
8655
9487
2858
7858
8569
3377
4580
8082
4573
2544
6623
7751
8496
6254
6073
1204
6427
3274
4533
2022
7489
6512
9871
4085
8390
2701
3726
199
2170
7211
6461
8111
3267
3574
5712
2547
1324
5795
4835
7678
9553
4928
7216
7844
754
6388
2621
6369
2362
2441
4990
9737
5633
1848
8674
1370
6790
3651
7981
5326
6406
2066
2203
6050
6006
6446
7927
1930
3494
1980
8064
4349
471
3480
9957
3812
2192
4606
4282
2155
4064
6741
9998
2678
8167
175
3831
2946
8427
5818
8603
351
6588
7926
5179
9778
7549
7929
5565
7610
692
421
8895
9248
5383
4574
8684
4012
8532
7098
9451
3508
5958
6578
2303
8380
2672
3999
1358
4221
1191
1603
318
7481
5348
7888
9511
5652
6761
884
9412
3174
9497
4623
798
7263
2376
7511
5486
9593
1317
7884
9098
9034
392
8688
3356
8953
6777
8712
2283
6289
8254
3685
4026
550
1069
1498
6695
1055
9107
26
873
5054
5260
6137
4040
7524
2307
5162
3654
4724
1756
6510
5675
720
8751
6805
2326
7490
1975
2835
1126
8219
1609
5165
1569
506
9110
4873
5003
9721
3047
4162
8856
4008
5868
6601
4676
6782
5816
1130
2037
1637
970
1117
2963
2693
8381
6988
6448
4044
8231
1993
6835
1972
616
2052
7200
8549
3373
6224
5980
941
2046
752
9145
5658
2864
9269
7155
504
4929
5629
7656
266
3965
9533
2428
1240
9397
8326
5321
1604
9800
6334
7655
127
8840
8681
4160
16
1235
1607
4997
5508
4277
8642
4159
6444
1417
3461
5798
9435
4209
9361
8742
1485
1455
9885
9267
6503
6538
7745
824
2380
6927
1414
7975
9792
3608
9146
4562
1190
5756
913
2253
8329
8179
5128
4440
3833
5434
3646
4637
5536
891
3099
8691
9803
8623
9600
2956
1504
4664
9033
4366
4552
9082
5424
3310
1479
279
7961
8752
3495
6020
7153
700
2200
1886
6679
2123
1803
7646
1032
568
5664
1494
1736
3806
6980
7170
7922
7158
2038
476
4358
6867
5586
1373
2797
1840
7055
897
7325
159
6631
8716
9630
7385
6837
4298
3949
7451
2597
9639
1507
1946
8364
8504
4145
2479
3636
4250
3257
6263
9425
4061
8542
7274
9021
4693
1657
3507
5027
5780
4805
3824
1230
6742
1513
4646
4567
2982
7988
5410
4226
8798
8869
9554
585
4328
4588
5168
6470
5381
1867
9577
1764
9047
8223
8165
316
7589
386
2645
4261
7544
4336
1196
5890
2394
4461
3278
9396
3195
3327
115
475
468
9636
7553
2499
5171
3576
7167
8648
3797
8255
7008
8138
5261
7377
4627
3796
2136
4653
6176
1430
6005
1505
5803
6610
770
4451
3690
5568
8758
2229
2389
8239
2470
6022
3469
7550
3124
5752
4813
5247
7738
9989
565
6210
4466
5991
2994
6392
7758
6361
6083
3385
1820
4659
6785
6933
8503
1491
1188
9862
5992
7513
570
8345
795
3929
9031
9226
1228
9027
3500
51
2566
4122
1541
7293
7112
8596
9089
901
2575
336
2622
4097
3769
5170
7968
3547
5601
6150
1566
3139
5751
4732
9346
1815
4557
6482
6658
4688
728
9457
9670
3591
3095
7379
5841
1866
1854
9683
3725
2096
6173
9141
8450
4020
2135
1381
5680
1390
2001
848
6845
7682
6171
9764
3917
7796
6260
9625
8615
6793
3143
8875
844
1198
2386
828
8536
1932
5647
1560
7817
9610
4099
1056
3538
8507
2404
7660
6426
7921
1828
6323
679
9472
3352
3466
2481
6773
3632
1165
4416
8042
263
294
9784
1467
7237
7717
5339
5776
9770
1912
4165
8804
7835
1832
7026
8893
7429
1277
2740
3127
3781
9813
7770
3126
218
8962
9440
7633
7865
6632
4842
9982
8630
9195
8263
4450
3728
4093
6939
6705
6117
4966
5186
7033
1925
6608
8686
6024
3939
6979
5716
6077
6672
7220
775
2411
429
3156
8935
6286
8852
7419
5893
1209
3083
5725
1051
6
5793
6311
9981
2167
8344
7183
681
8936
6983
7139
1976
5810
9560
5631
6884
4408
1375
7510
2815
1128
2212
8201
1296
6670
955
446
8558
2174
4547
6227
7474
1348
2108
5047
5640
1517
7491
1477
1945
3109
358
4245
5224
7811
6725
328
4125
5997
7177
7159
991
5207
8574
5340
6698
5984
7223
7218
1248
4560
8073
253
1211
5594
9869
1464
167
4833
8666
7384
9398
2700
9069
8430
1311
8803
9918
4247
7575
168
2308
7083
1512
9666
3406
1433
2487
2284
1571
3675
9415
2486
9722
9245
996
2018
4258
5859
8261
1548
7149
5374
171
587
1876
1805
6326
7906
3076
1061
7864
306
8543
515
5762
7132
6004
8635
6809
4725
7756
6009
8037
5820
9258
7310
4546
3090
648
7872
2641
814
5335
3211
7420
2244
2918
6285
1086
5676
4129
1409
7812
4903
9161
4123
9695
8211
2881
7329
5252
1861
8472
8271
6957
4266
8238
6229
8631
7570
5641
8863
9309
6554
4534
6834
4656
1208
5850
6131
3210
2467
3074
9839
7316
4423
1029
6491
5284
4696
7608
3992
5322
6402
1837
9584
5448
9561
7241
8158
3490
1774
5035
2616
1770
3723
1266
2543
4608
2291
4281
8964
5626
3600
3185
6991
6433
9865
1115
7195
582
9240
1337
4807
469
6488
5255
4977
2836
5941
3788
4969
5497
868
9379
3686
1062
5297
3868
2113
2765
2432
3900
6562
9544
9999
3416
213
1386
4305
8587
2977
5628
3708
2920
4625
2495
7555
3348
207
3024
3893
3477
5033
2747
8262
9608
8070
4163
6197
3429
8209
1120
9568
8196
3799
8645
5758
2357
4368
8320
2391
4077
9441
9752
6420
7164
8539
7309
5828
7048
8554
2489
1446
1070
1789
8788
6140
4404
2000
7731
3565
1835
6373
8724
4645
2068
88
3765
9273
9136
8998
9011
8978
1333
6135
9125
2141
5849
5358
8431
4284
4858
1514
2256
3256
3995
2465
4133
2753
9394
5274
9573
7175
169
9223
4396
1556
7203
5928
7528
6330
3102
3694
5176
9331
3235
4578
8680
5613
3566
2587
8287
3329
8717
3732
521
7221
4549
461
9234
1332
549
954
7903
9873
2106
3673
5384
1306
3141
1695
3631
5877
6977
3042
2675
9302
7411
2247
9222
472
4494
5178
8018
2923
9364
4933
8386
6075
4175
782
8137
1647
4649
6029
1821
4306
6349
6568
8189
8638
7318
3896
4891
8668
4470
1022
8614
8592
627
7320
5175
227
7466
7894
9185
9946
9072
5485
3389
7889
2611
5610
399
6709
2872
7450
3029
7017
930
9351
8465
6078
3
4951
9459
6557
3506
6332
2905
3232
7437
9058
208
3410
6110
4703
641
9949
9968
7338
3056
3430
4917
8335
4477
3145
6995
936
5661
2743
2948
9262
3858
4536
1995
3027
4555
9947
6718
9583
8016
4023
1327
1141
6819
8025
7754
787
8306
3475
4778
4667
8372
6093
9097
2354
9703
1302
773
4682
5779
6068
5854
3202
8501
5325
3843
9486
83
4722
8149
6191
2560
134
5879
6256
5441
581
4017
9423
9986
8835
736
8330
1814
2652
3462
2563
5446
5251
1969
4102
4402
5895
8369
3692
3486
8000
2149
396
5602
3739
2509
8779
5123
7381
9627
9178
1588
9802
6686
7851
9390
632
3491
4792
8339
710
4454
4138
1078
8508
1109
9209
8917
7878
2551
7446
2647
2029
6869
6395
441
3175
9148
3956
7665
8384
6940
3951
2053
9367
5542
3022
3484
8564
3856
3085
3492
8036
9645
9836
6252
9329
96
7434
1284
3972
4460
3610
1234
7670
924
2848
5467
1573
7789
2398
8234
8373
3994
6839
8352
8555
6936
3199
1036
6952
3676
6981
295
8466
9781
1140
5067
20
243
1508
3272
9859
5789
518
2366
6666
8281
8101
4481
3682
371
5198
3362
484
2446
8061
4361
7184
3904
7953
7990
8894
9921
4597
7716
8225
6786
7148
6975
7757
5409
5365
6148
6182
4697
664
152
6336
7387
7476
6342
7938
9528
1293
2242
5193
2607
8849
6858
9538
6062
3854
2118
6807
5590
6195
2059
5267
7780
9383
3328
9333
7639
5591
7238
5529
445
7032
5342
7586
6883
8857
2702
903
2867
7052
5169
2823
9675
6564
1626
5065
583
2272
9733
9888
6667
8439
5907
6731
5147
37
5068
3125
1294
5925
9788
2107
4960
6926
7841
360
1554
898
911
1229
7893
1221
3795
4541
508
4038
9149
2620
1718
5537
4910
3239
8187
2333
3392
3200
8028
6489
3603
9894
68
4142
2535
8865
5976
8050
839
5364
967
3025
2034
4658
4178
2496
394
5113
7185
4800
4290
2285
2491
7772
4420
6902
9882
124
576
6424
4619
6185
2419
2009
8577
7959
717
1777
3086
3521
4621
748
1444
9904
3810
8513
2344
2828
7470
8107
855
4680
523
8905
2505
1447
8522
6664
8315
3245
7078
6411
1997
3010
3238
7483
3441
859
2545
4615
4004
5666
3449
621
7956
9868
635
6096
6356
3007
9005
639
2775
3465
9762
4480
1437
1389
10
2664
8824
6235
3030
5866
9200
3166
599
3979
8908
8813
4946
8545
7245
8808
6372
6484
7281
5200
6779
4836
13
629
8833
7973
7997
9595
2925
9126
6251
9678
7924
9761
3341
164
1434
9086
3214
7500
926
9294
9700
2258
1260
6934
9775
778
3376
2863
9757
8270
5894
3639
5195
1628
302
2938
330
5855
3161
4320
3787
9880
5864
4473
4770
8670
7911
845
8142
7382
9171
2500
7814
7103
2287
9150
8641
2078
3269
9032
7910
6409
6645
2002
8881
2811
5366
2555
5336
5425
6586
3167
3737
2844
2582
8626
9649
4037
6321
5978
7012
5744
4769
8200
1093
1040
2249
9050
8400
6457
9272
5433
7215
7790
2222
8331
448
4519
7574
645
5099
7047
1791
5827
8528
5764
9039
9087
1442
8810
7262
7206
791
7685
4279
8970
413
887
6436
9040
6023
1904
146
7024
18
1028
556
8031
8821
9740
2684
6986
799
6771
1882
1593
6946
4239
4998
7027
8218
8855
3318
6380
2400
4639
4278
5353
687
438
9147
2296
2654
2257
6552
8078
9108
9604
2142
9409
8333
2714
9131
7485
2996
1825
1760
7799
2639
5957
8338
8604
1927
6592
7405
4007
3678
1721
8590
2324
6717
4155
9355
3260
1909
3251
5393
4060
7727
8416
9169
5526
4389
8589
869
1943
7846
4731
4521
6898
1224
3207
90
2194
9552
8980
5557
9599
9428
2314
5659
8469
7566
3186
1779
4046
2189
3050
3248
2940
6472
6414
5498
1016
3589
1942
2169
2172
6307
5464
1232
2305
1154
6893
4120
9183
9860
4467
1685
7571
6130
2922
3510
9181
9976
9711
4156
4935
8509
3751
8823
7644
6366
3105
2472
3448
7705
9872
3079
1983
9188
8521
1427
624
4262
8511
5720
2395
4995
454
2995
7849
6825
596
8279
5698
350
879
744
3321
1401
9324
586
7370
862
6069
9828
1223
7966
9467
8500
400
6739
1936
6590
5109
7380
7695
8359
7108
6629
2186
5842
1024
3432
5699
3525
2254
5808
4375
9496
2008
7596
370
389
8421
5415
8534
195
3889
6602
777
6536
9410
3913
2390
2913
3697
509
964
2718
9307
4242
7146
6084
7737
3059
8461
8210
9290
2984
5637
2661
9542
9420
417
8728
6170
3542
636
3355
220
8483
7890
5074
3944
6570
919
9111
6572
6721
8699
3767
8942
3942
78
2516
7271
404
4707
9906
7456
3360
9024
4059
5765
8612
1179
2834
6720
2282
5069
48
7916
2060
9418
1462
2651
3550
2484
6144
604
9615
8593
6080
6175
36
8958
3464
978
5208
9754
4333
8778
261
7013
7940
432
7080
3044
5004
3822
3212
2036
5332
221
323
6929
4005
276
3436
8355
9526
1124
5032
6115
1476
8696
2997
8116
4399
4287
6931
5271
8081
494
2605
6815
1939
519
5938
8687
7759
8784
4694
64
8538
2304
8177
4214
870
5913
601
3597
2632
9832
4283
9586
4543
2717
9299
6121
7632
6515
4475
7254
5243
776
4222
1279
4897
2972
1143
5627
5682
3953
8456
3873
4981
750
5316
9794
4418
6319
4309
6824
9456
8530
6118
8627
3273
8767
7019
8151
8591
9858
4086
6159
7236
3152
6776
9974
4171
6269
4906
1071
5149
8780
2694
7038
6901
9443
3054
8954
436
2759
5432
4492
3147
7116
7313
3954
7634
4785
8334
3840
1426
6030
8599
7041
5797
3562
8325
9638
8156
5438
865
1869
3456
4940
9714
3883
825
3669
148
3242
347
9698
5982
6451
473
8411
5554
281
7374
1009
5862
7457
7092
4241
103
9519
7525
2795
4406
354
5010
4753
9513
1484
41
4310
1378
6812
8656
7161
5466
7401
4098
3046
2969
8269
7351
732
7196
815
7749
4513
3761
4699
7836
4342
2422
6868
6045
4687
5934
7971
1601
8826
830
3645
8883
5947
3961
3712
8446
8459
760
4493
9207
6603
1428
6400
5211
8367
4353
9830
7545
6089
7499
7713
8683
8099
2959
2528
9657
6019
1965
6127
3057
2833
2238
9634
5240
4065
6102
4683
2469
1527
722
2617
5701
1340
4128
9305
2494
7954
7335
3715
6339
1737
114
7082
4737
4978
9767
1033
5452
9922
7833
8045
2267
9844
4763
2557
2350
111
9073
3758
7581
3734
488
178
3853
2550
1922
1404
2529
3342
1730
177
5116
6154
2401
6165
9212
4126
3268
5975
33
365
2195
3397
6128
8839
2223
9352
5897
5909
1841
4169
8929
7949
1372
259
9853
2975
1121
5494
2297
4161
170
126
7044
2327
4401
5021
133
3209
3317
6531
1300
8397
5115
2510
4709
2904
3557
2781
5579
1237
8005
4844
4369
4993
6008
7791
9507
5463
9566
6435
9232
8266
6871
4617
5350
2542
4337
9470
3520
1089
2397
6163
3612
3330
7760
132
6656
1
6230
2826
4636
695
4105
6107
5154
4718
546
6476
7612
4323
767
5891
2618
6753
9500
2202
1911
7659
415
5127
8010
4576
7764
1897
6690
7824
4073
2668
3881
2511
7598
4292
6576
202
5951
603
5582
4048
3222
2079
8
9053
5523
4774
4991
2522
8664
6116
8694
5423
2273
4686
943
4616
7972
9812
886
4967
6574
7603
2527
5084
4529
428
9962
7346
6948
7143
8350
5968
3400
5761
200
2674
6363
5611
6365
2773
9070
8069
3474
1395
4624
5279
6220
2713
6431
1865
3334
3177
2830
3936
7356
5639
8794
6016
6493
8920
6212
4689
1577
7577
7272
1920
3738
8814
4095
4810
4947
7085
3514
4062
2788
1903
547
0
3226
7366
6248
759
4039
6693
5172
7785
3132
2507
2309
2239
7788
2392
3187
4996
4329
7873
8147
6209
5585
5091
6990
270
2407
3405
8678
5373
8753
3535
6109
4089
9532
4776
6613
5733
8314
4854
1195
4233
1273
6970
5158
1596
4561
4373
8284
7279
8695
6119
2741
7328
6460
8851
5865
4514
7140
6467
9755
9140
8198
774
5460
5034
1413
6646
3513
9090
2368
70
3652
8563
8877
1954
4029
931
5530
1101
4814
8636
8912
7725
2738
9796
783
8242
5487
9399
6706
3395
8423
5166
3537
4971
1355
8155
9745
7947
1773
9133
8153
447
5949
6188
5159
9120
6525
3770
9220
1402
8581
2056
4970
2410
2323
9184
2979
6942
6906
9203
6134
7150
1323
5851
6872
2023
2146
3502
8452
2955
8309
8548
7252
442
283
7492
3000
6187
9763
5773
3720
6129
1740
2821
5692
9348
1178
3208
5302
7567
8873
2402
8408
812
6682
5476
9121
1216
4090
8048
6518
6455
5351
6673
9779
7504
8941
338
9980
5754
2364
9543
3116
3696
1387
486
8817
2260
3241
1645
7992
1589
6924
874
6734
5237
6421
5451
4749
1309
867
2687
7023
3437
1142
3757
5309
1458
794
649
5731
5566
8282
2770
3424
6827
7939
9535
2360
3621
6293
4027
201
4556
3619
8114
7967
309
2935
8540
1521
8477
3168
5361
2589
1754
1194
8660
4550
2179
7684
925
1113
3606
3541
9502
4740
8108
3472
7097
9036
8299
1881
2240
3017
9753
54
779
1623
1612
8787
677
8053
5153
5080
6070
4076
5937
1380
9057
1705
6122
1547
4681
3169
478
5426
62
829
1366
505
2968
535
6596
4717
4377
4207
9466
7503
4341
1839
963
1725
7087
4338
9934
3909
3976
9160
4505
5784
8659
2591
1697
6002
883
6294
3137
5614
1492
498
5437
4013
8537
2924
6521
9104
7269
6056
3814
8365
6302
6066
9890
575
6938
7260
427
5394
3743
3366
3553
4031
3150
6136
4378
3301
8316
6647
465
7622
8816
8853
8168
1884
7069
2010
4690
8171
4592
3354
8886
3051
4586
7182
9144
9327
2468
1769
7226
145
8785
5082
4941
9958
7188
7496
7141
79
5098
1233
8193
3338
2792
251
7569
1312
5805
9042
8265
9971
234
7618
4795
6303
301
5705
2298
5507
2245
7244
3498
1164
6573
1163
1176
4853
2794
965
9213
7134
7073
3711
9092
7332
3162
1659
7647
6196
951
5135
4070
2970
8038
6261
8486
5763
7867
8295
9724
1041
544
8938
7587
5721
9709
2568
5400
3001
1583
3719
507
7421
2188
6174
7307
2933
7721
8135
7136
9874
6972
1082
997
4134
9403
8930
1025
8619
989
9490
5977
9855
8425
7016
5644
2300
9783
4959
3879
5662
8845
7435
9659
1400
6469
934
2338
8557
8162
4372
4605
2042
6262
6784
688
7781
5307
6250
5541
3701
6481
2377
3016
7630
2767
792
557
4442
7482
4331
1731
130
7267
5462
5315
6071
4794
8963
4152
1149
6561
6039
3625
4219
3252
8737
9701
9854
8343
713
6143
7871
3149
262
4000
8259
3844
3798
2378
4571
7154
7664
4952
9059
8669
9191
605
5581
3681
686
7298
6283
7823
9575
7117
8106
8471
9187
4954
1846
7468
8308
9319
7020
2016
357
9450
3415
4913
1522
7937
7495
6628
5163
9878
8055
8032
9910
6021
5136
2104
9006
5691
1624
3827
5234
968
8698
7729
2137
3261
3892
3005
640
7808
4848
8991
7638
407
6027
190
9449
6505
5747
8079
4516
8838
8462
95
5051
160
8576
6240
3551
8260
3981
1704
4799
6726
4340
3730
9214
4892
2433
6715
7427
8235
2703
644
3819
5436
7530
6841
2266
4808
9870
9589
7560
6996
337
3805
2537
5616
1274
534
854
1941
4939
7657
6605
5732
3842
2803
3114
3121
5102
2715
8125
5431
8029
9789
470
3023
606
6211
9732
7270
9228
7423
2822
1199
1108
8132
3515
889
8732
3601
5564
2802
9392
2598
7730
4343
4584
6243
9062
9807
4357
4456
1602
4332
2438
1272
7096
8505
7719
3368
2084
1500
6766
1496
5218
1768
4866
1687
4498
9266
3789
1075
4859
1412
7718
3308
8846
7892
6746
2737
4476
118
5990
225
2756
1046
8226
7838
9286
7072
4726
2552
7714
8476
2140
3528
456
6932
8639
9201
1255
622
998
6233
2721
1435
319
8766
2498
7944
9046
8414
768
5953
6487
1359
8164
6639
3122
197
5275
7068
6821
1094
4296
9304
9842
2199
2910
3518
5205
3912
4700
4739
689
1745
5989
9618
4414
9455
6757
1668
8518
9381
5290
9055
8700
9660
4334
1111
4657
8438
2636
2171
2619
2417
3393
7519
1080
5919
5950
1958
6930
1686
5646
289
4412
153
7249
9227
1806
3567
4136
5386
1614
8937
1466
5355
9710
1236
7809
2227
1501
5552
8275
4535
7965
6523
819
7739
3446
3431
8584
738
4559
3358
3897
3778
8009
6246
5031
2336
6974
3108
315
6329
5338
8989
8781
4417
1175
5972
8034
9787
4083
9426
3602
9590
8418
8585
5942
9124
7291
2396
2193
3813
6141
5882
1855
1817
7869
8395
416
119
5743
1916
6528
1403
3915
1244
2793
1669
9704
2634
6904
4768
5023
6542
8931
8547
1299
4518
7526
3439
1565
8733
8491
2876
82
5583
265
3340
5408
8646
7600
1938
6917
5
7607
9851
9316
4786
6145
8760
2831
4384
8944
4647
3633
3851
2813
8775
39
6560
7367
1245
8412
4912
1374
2196
7090
5902
7862
1145
5500
4471
6037
2325
4087
3306
5265
6106
5687
9883
7777
3069
3048
5474
9101
2070
8649
9694
646
9284
9691
7045
1977
280
3935
541
6273
2319
5790
9637
3888
5334
5528
2732
8693
8516
8679
2058
3626
5103
35
7798
4079
6266
6870
2998
6364
1503
2921
6360
5678
7805
4896
9230
8718
6606
9845
2776
590
5427
288
8221
2503
7736
2130
1528
2914
2352
2659
3555
2423
8180
7180
3717
8086
8008
8913
5623
189
5713
3302
1418
420
312
5134
9760
7800
2071
8251
8085
1510
4015
5152
9257
8222
5589
5137
296
3193
3236
1151
6310
6886
820
1421
1017
8194
6861
1385
2448
1898
9084
4901
1545
1511
8296
753
1563
9879
6953
7579
9973
9194
2888
5931
9736
6950
4666
8613
2902
238
3811
1988
2371
1970
2348
6595
3990
6258
4003
1796
5532
8653
3741
248
256
1811
8004
4825
7497
1907
1131
5889
4439
837
9972
940
3658
5979
1399
7372
9113
8771
7030
3163
22
4314
4748
8248
684
84
3818
142
2658
1642
8602
9531
1159
577
7955
7189
1985
8027
6713
2608
7369
1084
763
8451
4876
643
4130
2426
9992
5696
619
9626
9611
8204
4200
6897
6244
2295
9353
5512
4506
6379
957
1088
6375
2182
2359
1007
6324
8923
9619
9653
3543
6504
6920
8375
4679
5148
8862
524
2849
9750
8918
1996
2699
5823
7341
6397
7217
511
8977
3782
2076
2900
5709
8419
7876
4796
1171
1087
143
3296
7294
6099
945
960
6423
8340
6567
8621
5404
464
3028
1039
7453
1587
1838
5458
6999
8489
5932
7551
6051
5145
8377
6253
3580
7438
3391
8280
8756
2730
1377
4742
3973
6204
4272
2576
663
9825
1369
2525
7514
6413
8689
2004
690
4168
3886
6053
6989
3677
1103
7133
6215
9314
6558
8546
8495
9261
7825
6599
7840
6711
5514
3170
179
525
4041
5180
9345
9103
8625
7951
1454
3516
4585
8376
1265
8317
9
3277
5655
984
6584
7021
4733
9292
6238
6234
4474
1906
5229
7039
5785
2778
4327
9557
2152
5775
9631
5266
3188
7987
7331
1960
1396
9909
5333
7373
4463
5457
527
5846
852
3276
7900
4117
4914
6665
7100
239
6205
8091
6105
21
6098
8398
8611
1689
7748
3587
4391
3113
374
6308
9332
7311
9768
7563
1247
613
7773
8755
4902
6963
5412
7317
4217
4096
4839
9499
2878
5276
8323
5822
4698
6890
7314
3783
3298
128
2388
6501
6216
4869
8183
9336
9582
8759
7362
3438
6418
2879
562
6232
5495
2425
9672
7257
2567
2134
7879
8150
1057
4053
735
6275
9831
6808
2302
2766
4055
4172
5524
8535
1981
5781
9385
4113
5690
1759
1162
6430
1694
563
8301
8363
3331
7854
4706
849
2139
5232
707
3978
6297
1392
5943
8159
244
9048
9574
4495
4630
9372
5286
9820
8229
2224
4390
2898
7979
1030
918
4887
9594
5118
5025
4335
4878
9889
8482
4816
3967
1189
3672
7025
4234
4746
3246
183
3128
8714
6548
6787
6139
7629
8435
1424
906
6973
7535
1256
3284
788
1677
8487
4968
9151
5036
3367
4427
1998
5329
8610
4924
2003
5549
3549
3930
5983
277
7212
8152
203
5535
811
2261
8744
5689
174
2358
3316
9091
3592
6471
3524
5375
7439
2761
7402
6167
1944
4324
9867
633
6111
6158
5670
8926
4132
2623
3089
532
971
2271
6549
2361
5352
2373
2330
1264
5648
182
7568
2311
6699
2147
5059
5745
5906
7822
2021
2198
2190
7077
1197
3460
2462
8515
2840
1859
97
2966
4074
832
8273
4727
1801
5120
4744
6052
3991
8663
8652
8932
2885
4068
4459
2095
8357
5223
325
9730
3045
5561
6351
6758
2508
8123
5160
5830
908
3418
8297
6316
4157
1816
5504
2832
4852
9834
3407
6453
2466
7907
2208
831
4507
7635
1134
9020
2851
1079
9283
9782
5095
4263
8393
7360
2011
5083
7584
8616
2461
28
9016
1531
6001
5974
3370
8870
7675
4834
4520
8579
1072
1709
4135
2722
422
9179
2089
4092
5643
2293
101
8361
3032
8052
3309
5787
5873
4734
4428
2072
5312
5630
6551
5492
194
3709
2151
3112
9667
7720
5588
3275
5119
731
4618
5835
4508
6277
5481
7546
6649
9765
7022
7744
9847
6514
23
2842
122
2939
4994
942
673
4600
8319
6594
9655
7970
6774
6405
5006
2907
4018
1132
255
2615
4177
2852
3290
7724
7667
4569
3115
5724
2949
4374
5911
9570
5064
2656
8023
6636
7662
9437
8617
2728
6478
2990
5606
4385
98
8436
9022
284
106
1991
6412
501
531
5753
8382
7752
846
8253
2138
8993
9393
7845
1666
3253
393
9940
7848
805
7726
910
9030
7576
437
9208
2347
4503
5101
9096
4426
4922
2883
6147
5668
9805
8216
726
810
8685
9759
6577
7454
2412
5833
30
3803
9391
3529
6748
6565
4326
5727
6579
5070
2707
1680
6916
7674
4638
8582
8898
3627
9174
5697
9697
4271
2369
6818
3094
5173
3744
3244
8551
2768
7883
4321
9579
5197
4376
4719
3809
9002
3014
1203
2769
6614
3332
8173
5518
3259
6783
4398
8658
8385
8140
7506
8914
5280
8984
5533
2025
2277
2
4170
6113
1679
1532
481
460
7917
9037
4791
4094
4227
303
349
1148
835
6640
9244
7935
3458
157
2726
6836
4047
8990
1640
477
8366
479
9093
9616
4750
6907
2523
2816
8982
8195
8952
6500
2268
9447
7231
158
2156
398
6178
1096
2207
876
9785
4677
9632
1125
3457
3081
9419
7945
1901
9429
8710
3850
8657
9434
6468
2385
3649
3724
1441
9163
6563
2017
7093
5926
818
7818
9896
7543
4052
1902
3297
5831
8562
406
5503
4438
3172
9887
6984
1584
17
3390
8467
4781
6800
5086
2706
7688
1710
3075
6843
5379
8015
2669
3748
2843
2514
2604
9773
8051
6166
9863
9633
9719
7066
3350
1398
9822
9388
4289
3921
6074
6566
680
6454
7668
4953
1135
9580
5370
1658
419
6221
9431
6442
5363
674
5029
2854
4704
6101
4757
7750
3287
5368
1952
1261
7056
6743
7707
9182
7433
117
9900
6630
5257
4449
6965
459
7562
5908
3104
6206
9818
1095
3702
310
7151
7802
3616
6535
9708
4775
3774
5256
694
4893
1638
3590
9944
7326
8884
7156
4183
4784
564
4510
3747
7982
7779
697
9439
5569
5760
6648
2942
500
6546
5546
7542
9454
1714
9939
5986
7689
7099
9517
5920
5499
291
1917
4274
7534
3134
4570
4759
5940
7010
2909
4235
324
2705
8291
4758
7303
1999
2926
5826
9008
4397
7383
5861
2960
7209
817
8531
6228
5131
8480
2681
3585
5422
3560
9198
730
8747
1214
7908
7319
8449
390
9495
5121
6416
7826
6675
8293
4367
1860
8410
1472
4215
4673
6903
9846
8570
7011
6125
3922
608
6067
87
6112
8909
9771
5161
1674
9312
5693
9766
2026
217
1290
2758
6685
6265
2173
74
2111
4436
287
4884
6749
9237
5722
4754
1310
4899
2342
9919
4131
8460
900
9612
5685
2150
6161
1213
9926
2932
9723
1670
7599
7408
7856
9297
9166
1702
7980
5615
3731
3736
5966
2119
4304
6088
662
2646
3895
2372
290
7280
4387
912
6700
1914
740
6035
3111
9665
529
2689
5414
579
7488
1081
2161
3940
5313
3884
4176
7819
452
3554
5093
60
3938
9684
1489
7691
9816
1727
3772
872
9330
8092
3420
7292
9516
796
7393
156
7861
6714
6620
5049
3615
2443
1270
3470
3624
2475
1887
4066
4797
1334
756
2890
7297
223
2087
6385
8671
1592
5673
8488
9641
1281
2447
7636
5900
5956
9804
659
1112
4225
6621
7501
1956
1187
9216
8859
7288
154
2363
8215
4972
2501
7462
7034
6434
9210
9837
7081
2175
4049
1620
7762
3379
4751
1871
3960
1105
9791
4
3445
966
2650
2090
329
676
4484
252
8003
5580
7333
3291
6589
4650
4254
9243
391
1739
5444
1014
7722
5002
8362
4804
7642
1475
8729
4735
7529
32
9884
6799
4121
1347
1799
9328
5703
4596
8203
5272
214
7444
9892
1746
3088
3713
4736
3835
352
9530
1460
4502
5063
2683
5621
7875
7168
3635
3401
3779
6857
1656
4045
4344
4201
7101
6201
8697
8860
9540
6796
3950
7983
9416
9337
8170
9596
3634
2035
4944
7394
8243
5369
2269
5014
9576
5574
1346
2497
6296
4984
5973
9405
7051
757
1473
5622
3750
1326
6322
9850
1015
3224
4729
5912
7645
379
3934
9122
892
7795
4202
2409
9127
9406
3906
4886
3382
5694
6853
6687
2073
2518
6492
6325
6559
1948
4190
6183
1853
4909
2243
4849
1696
2019
8692
8844
8673
9071
274
2919
6674
9713
1752
5231
2554
4114
7931
2577
9955
9296
2901
1558
4847
6879
2044
2862
916
8220
5605
3013
9893
8506
5515
7283
6095
2145
4431
5020
7202
701
1339
50
2353
8292
6344
1729
3434
977
2711
1843
4339
3178
3859
9550
5711
9555
6882
285
4512
8527
1605
4870
376
2471
536
9465
9668
1019
1608
3229
6417
1778
2164
6368
4803
4150
8946
7192
1575
6849
439
6496
1287
9279
9827
7242
6967
8252
1994
7371
8748
9578
3285
7070
7458
40
772
232
6651
9281
6798
9861
962
6149
6048
2755
8502
8102
5317
3282
7004
9876
742
5089
2482
4943
7343
9987
8176
761
2430
3240
1276
7135
8118
658
8583
8434
1834
5450
3117
7643
7573
7058
9375
9167
3263
8773
7957
5800
1471
4112
1888
3479
1743
4032
1921
5750
3958
4445
7208
7626
1058
5009
9249
3640
7509
4752
4111
9253
1576
6502
4654
588
9065
1564
7502
538
418
4755
8523
9685
3322
6516
1308
5799
9941
5455
7049
4468
4166
8981
7239
198
3003
5442
718
8043
4180
1431
3998
443
5022
6138
1735
9720
1641
2532
378
8001
2999
1158
382
9076
5341
7057
2536
4318
1780
2596
1292
2521
823
9268
3217
151
3120
4545
401
6655
9772
948
1220
715
4921
4604
3905
705
8490
1553
1719
6803
5253
9715
5933
7619
1037
5501
3351
1364
5146
6389
433
6358
4268
2415
2144
2873
2667
8654
9452
6236
5814
2356
2274
1776
4014
944
5039
2772
2892
5483
5199
6162
4030
7345
4355
3530
7611
4942
3184
3101
668
3604
7415
3183
3804
1755
4532
2312
9462
8247
9056
8278
6343
2731
8734
1318
9605
2230
703
3586
7406
617
5287
2742
9983
4738
5194
1783
1388
2334
712
9461
4001
8915
3891
7747
2420
7793
1004
5939
1830
5188
7704
307
1486
1809
4124
4644
1595
6780
4210
2116
8401
836
974
3435
1250
5560
31
2131
7521
8094
1021
7901
653
8103
7679
5015
3478
8782
5055
1874
6494
7001
2985
9843
3642
2459
9624
7000
5548
1038
6499
7299
2586
7461
1798
6677
6284
7324
3933
6553
7810
5632
3841
1104
7776
3011
9811
9157
344
224
8230
264
4631
8056
3043
5857
4485
6960
6838
2490
8738
2062
1243
5292
2573
1205
6951
1172
5300
1452
4143
8214
5461
610
1561
5987
2160
9408
8474
9814
2454
7652
9726
3319
7628
4701
5062
4379
5663
7803
1847
4056
2581
5114
7741
7287
9587
3215
3463
368
3638
6274
8286
6298
3194
4579
7478
6292
1150
1662
6317
5435
3671
1850
4907
6752
3402
489
8792
8608
3040
9306
7441
5482
3773
5672
7426
8407
3763
9211
4603
5903
5985
1833
5125
9681
4365
7350
3791
8084
994
7564
6859
4956
3019
6513
2449
1456
2947
4517
2241
3180
7115
1354
6327
5319
1771
5262
3483
9571
4672
2564
6259
6086
1979
2578
5815
4987
6065
8597
1550
5050
1422
5129
4602
3655
5778
8060
8378
5344
5484
1239
9547
1767
3485
4633
1557
1137
1282
1578
8121
4425
7527
8341
1892
4948
1963
7412
6583
5876
1896
5396
5840
298
5221
5887
3705
3428
618
1201
3467
2893
1423
4058
1408
4553
3349
9176
8922
2162
2798
6600
6519
9438
2105
7699
5079
1959
5993
5040
8832
1425
3300
569
6214
5081
5447
4923
6730
3234
4435
52
5964
1212
806
3422
9903
9780
430
6407
9534
8520
8112
7258
3941
6533
8647
5945
7909
2399
9663
4127
8354
9562
7941
9303
8891
1863
698
6393
6474
8074
1297
9295
1750
6309
7627
1924
7958
4793
3768
539
4488
1173
4371
1667
7556
2492
1894
5534
131
8790
1526
7711
3450
2051
7302
4983
4260
2262
3413
8136
8391
1180
3071
5390
7323
6925
5465
2874
2896
922
412
6708
5296
4890
3556
1304
7240
5706
6142
8620
3714
959
4780
6439
9143
1652
93
215
2220
9274
1664
1724
8143
1842
1405
5593
2748
4276
5449
8606
706
7222
992
499
7336
2850
9192
4802
5844
4812
2733
4356
1802
5489
327
1986
5801
9491
3307
5847
6969
6506
5323
9991
2779
6532
4822
7152
1020
8828
2704
1957
8706
5496
1706
1598
5429
1617
8021
2246
3568
8757
5347
3800
5657
1931
1804
3667
9493
3920
4564
137
7859
1741
1633
3082
4661
5609
6669
3937
1749
8417
7606
8526
4589
9335
8303
8774
4352
8960
5768
8433
2007
4544
675
4678
5788
1379
8533
719
1050
9988
5821
9705
8440
8708
449
3320
9864
3664
5604
2746
4444
2408
6526
7943
1534
8911
5994
7031
4590
843
704
8120
7176
163
5970
6982
7653
2988
932
8024
5783
3283
6723
5884
804
6480
3067
3227
4395
423
2427
1202
7984
4410
2143
3617
2569
353
110
7301
233
4483
7104
1568
2306
9135
8559
1671
2524
7995
4860
8842
6607
8721
7813
345
6315
3182
9620
6828
6241
8552
6169
6899
5555
1923
2382
8544
369
9545
1127
8897
737
2899
7404
5056
9692
3577
1549
6701
9334
6312
8973
8650
3070
4196
6371
229
3740
2556
4675
9664
3314
1928
9159
9278
7933
5066
9105
6968
6575
4612
6157
5469
3661
8986
7452
4710
4101
6923
4238
4889
105
2506
1003
55
853
9112
9347
6622
8565
3613
6550
8571
8940
138
3952
9815
678
656
3729
9953
9260
4033
3347
286
6064
4193
7322
3578
9995
8022
6242
5192
4988
2662
3914
9505
5829
3579
8090
4801
3847
3357
5028
4528
5235
2043
2299
5726
6756
5456
403
7964
9875
7447
4843
7978
2080
2906
2132
2180
3118
5896
7198
8245
6694
5071
8955
9173
8899
1034
1722
8675
2642
2289
5794
6160
9621
5480
8184
1459
9386
6304
5349
6479
4243
3381
7977
938
8072
4119
8097
1200
4713
986
9218
3966
3898
555
6473
5922
6036
1762
3035
8290
282
4286
3823
3142
1432
4798
8556
5607
5007
7706
3135
2340
59
4787
6919
3369
2570
6626
4146
5471
3499
1873
9725
4851
9477
5443
1895
7445
7102
1807
6937
607
7620
7166
6082
2594
411
612
7118
9357
5952
67
6155
8174
6688
4871
9929
1950
9293
4429
2424
6408
4022
8145
8762
3359
6617
4499
5746
4651
3015
1632
6801
8796
5126
4916
6544
5684
4783
1582
7536
6832
5946
803
5749
9833
6449
6300
6276
3447
2252
9235
3997
3039
3644
5767
8182
108
7768
7932
9747
1701
3975
2676
4419
1283
2519
1059
4850
5559
9536
3151
8594
9010
7353
2857
8609
9911
7409
2853
4599
4828
120
769
4964
7053
109
9984
8470
609
5695
4248
6156
5357
8677
8541
4469
2928
6826
5567
1692
8374
6949
5346
6755
3629
2228
755
9359
339
5853
2012
6847
9643
9374
474
7119
6598
372
6038
2627
6795
5372
7285
8925
4009
9370
4684
7347
2534
3962
1716
3008
1045
1353
3288
4198
5930
9751
1542
1451
1926
7692
4965
2168
1646
9445
2474
2941
8632
4486
4930
7414
8927
1168
5577
6447
6063
7905
2965
5867
9716
1227
7123
8166
3903
5505
4537
1362
9106
1352
5204
3837
3303
7557
5310
4669
4950
4872
6547
9060
8272
9917
9475
7829
8812
4691
4211
7654
3894
8447
8901
561
2673
144
6745
5259
129
4216
6177
9899
1152
2477
2729
6616
6410
2964
2219
1629
3504
3009
7174
4809
3622
4568
7936
9480
2880
9913
2074
833
939
5311
6459
8351
5988
4025
4153
1823
6509
7472
4581
6895
3399
7120
5150
2374
3546
8119
8987
8661
3313
3689
1519
4362
2971
5242
2294
8312
7172
7920
5967
5385
2824
5525
355
5521
9635
4054
7969
6744
2644
275
5182
917
6225
8289
2218
2367
2870
7354
9088
7701
8750
614
1613
5075
431
937
1288
1509
8257
2214
7915
7710
7157
4587
5718
9464
9808
9205
790
9886
8172
1864
9382
1643
2204
1908
6010
125
6881
4595
4184
3021
2301
5965
3581
8600
786
7807
3857
5645
8910
9239
5741
3078
2818
8383
3325
2887
667
8104
9482
3098
8013
8126
7430
104
858
8672
9809
6770
6237
8197
5916
8283
6922
3780
3599
8122
4346
1262
3982
9265
299
4249
1784
1074
5556
7009
7863
7029
408
3509
3584
797
204
5018
5562
7666
5038
387
7075
7375
384
2093
5345
7661
9170
5824
7079
7376
4764
7998
3146
7187
5917
3522
8858
528
4285
8371
112
3583
6728
5904
9965
9527
512
6789
751
9650
3735
9100
8068
6353
5510
9289
6862
6676
5955
6638
4139
1562
3482
1257
6556
3063
7801
5298
7537
3691
8777
3706
9539
4195
1967
4424
9233
8761
7517
9414
1552
6894
150
139
5608
8406
1831
4063
6540
8089
2558
185
4982
8847
4224
2055
6959
3206
2370
3908
5354
5295
7199
9937
7365
9275
1883
3993
9739
6735
4252
3540
3191
9007
5331
6381
5401
6301
1795
6797
7179
8039
1218
4019
9606
3988
6918
7210
4705
2633
4936
231
4347
6964
8202
4422
1540
176
3680
947
3825
9117
929
8795
5488
4643
1342
5288
4919
5807
7352
1792
2937
6104
7065
2855
7248
5888
1810
4772
4894
9699
6202
2281
745
6031
9508
4354
5635
2429
3060
3198
2784
2680
3704
5870
7597
8601
6992
1249
331
9558
8959
6432
6507
4629
5578
3459
4670
8035
3323
9321
3985
236
6046
4620
2127
44
4149
1518
9080
1315
4084
8801
4761
1580
9967
1675
3665
5539
2812
2512
1368
9453
6207
1971
2952
4394
4668
2231
6889
6659
9551
8146
3205
2379
3154
6428
4269
161
9728
9013
543
1275
1325
6802
4021
7616
1066
567
1085
5111
8850
2504
7582
366
847
8227
2045
7663
9130
5402
2754
3964
7163
7389
1813
9524
4382
9902
8735
6055
657
5227
2221
9522
6539
2691
9251
2930
1748
2317
2263
9603
1535
4771
4275
9138
3519
9948
5233
136
1139
826
9688
2685
7304
5094
7201
7278
9731
1984
9712
5905
4711
4864
4931
9236
6978
8428
173
5228
3756
6382
6219
6865
2442
1192
4206
7390
7003
6816
6359
6887
6200
4433
8233
3996
2129
4457
5263
6740
5874
8304
7204
5085
8076
9068
267
4958
9826
4315
8217
2809
9597
7743
2936
3249
8499
5702
4874
8322
982
3820
9656
3372
6611
9215
3845
1397
973
2183
8887
2961
1091
2686
363
5107
9838
7043
8012
6994
708
3345
6384
9501
2405
2760
9280
7194
3333
3033
6829
1153
7962
4591
888
5045
4527
1010
5157
2187
5104
5996
2120
356
7601
334
3064
7561
7715
3808
5924
9460
1551
3745
6692
4462
6044
8705
5871
7993
8553
5189
2624
7465
9252
2158
3396
209
2595
8479
6226
1231
3637
1964
5834
9525
6582
2455
4297
7918
7305
187
4057
73
1156
3532
6915
5838
7071
346
4777
8464
9662
192
9116
9376
7340
3572
733
8789
2213
2599
5241
8885
3231
3839
1012
8768
9901
491
9546
8831
8622
260
5391
647
3759
5863
6993
2165
8783
5921
86
1177
8702
7728
871
1900
1955
6054
3595
3425
9556
8726
4232
4446
7860
9358
6597
2786
7996
7477
3786
7520
1329
4542
6877
1934
6168
4790
5376
9360
5077
3158
4236
961
7067
9829
5238
3262
3662
3969
3433
510
4721
1254
4322
5575
8524
3647
980
2077
6341
8682
5140
1271
8163
8348
8244
1443
2290
2114
1383
2845
6290
385
894
5012
3785
4293
7225
9914
6271
2088
880
6581
3829
8514
1878
893
9671
7950
4789
5399
7673
6403
4782
9045
7919
4448
1291
1625
8096
7508
9241
4863
4563
1116
3533
4882
7455
3383
3596
7
6955
5772
1858
5770
7428
3315
4945
7742
2751
8041
8701
5527
8818
3254
6337
1987
320
6860
9819
9322
3061
2891
9402
2384
5898
7765
7761
3106
9458
6747
4400
1174
2133
3451
6291
9424
1268
3776
2270
5869
2047
4577
58
7064
2436
8328
9320
5544
6875
9153
9197
9817
993
3957
739
8485
5729
591
7874
6281
5155
7147
4380
4359
2403
611
8498
1278
9776
8300
537
2690
7976
4962
2041
7533
4140
6464
9028
8448
1035
2343
979
3493
8206
7669
9242
2846
9696
8575
8966
6133
9052
7368
8457
9510
2944
6331
553
3764
9247
2805
4821
7834
9168
8971
3136
435
4862
2801
857
9746
1328
8409
860
5244
7398
8874
699
9907
2216
1559
6775
3419
9923
8736
6462
7868
2698
5516
272
8124
2332
3203
4826
1008
8083
3974
729
6880
3219
1360
2600
9067
297
5428
1520
5786
3865
5677
7960
5914
3862
4244
8212
8836
7784
2860
7191
5547
3270
6007
4256
2958
5024
9629
4714
6103
3511
462
6466
3165
5138
7130
8002
8567
7547
1968
4601
6541
483
1715
3878
9623
4273
2790
2934
5624
3970
5203
1775
7591
9349
9483
3488
6222
1515
2640
1181
5551
988
2049
9567
6132
9404
3927
9916
650
3718
4522
9369
3497
5343
7843
4091
2588
2117
1691
5981
6452
6768
211
6085
6684
6186
254
2749
7763
6391
4779
8337
1682
9118
4164
2478
9950
7934
3620
4231
6781
949
861
721
8711
3746
9315
4265
4255
6765
8144
1698
7160
4311
3365
4938
1497
9421
7386
8388
3863
7989
6441
6769
5892
5337
3733
9436
4351
9162
3289
9601
5380
2191
784
8618
2248
1940
3304
5177
2861
2774
5430
9690
9523
322
8342
4767
4081
9350
1493
1286
7275
851
2541
9598
7005
3179
6223
9494
3271
4927
4702
1723
9786
7306
5570
3197
5139
4708
7804
5769
2638
1618
7853
1411
311
8327
1688
2515
1581
6650
1644
3062
8709
7086
7284
2122
7277
2724
2206
8819
7593
8387
6985
2232
6003
1481
4663
3766
2962
4496
2695
631
9074
1844
1634
5595
1106
7344
5356
4479
1330
9985
1757
9109
3943
2050
6415
7312
6440
1761
9128
7887
6257
8484
3660
4815
2393
2115
485
8586
4992
3699
8044
6817
1465
4531
1673
1935
9492
3548
3192
5522
8996
9270
1711
808
2526
5291
9806
2911
6465
1539
2992
4106
514
9368
8047
373
2121
623
1335
4203
4898
147
395
4674
702
594
9569
9742
6814
9417
5759
377
6778
7505
4979
2808
597
9498
1023
4229
1242
953
3916
4720
3266
381
7253
5250
6912
7276
6450
1947
8207
6425
503
1585
6910
8453
7912
2945
8455
8811
2735
3946
5839
4115
1343
4251
9563
5671
2063
4648
3666
2983
3801
4330
4116
7197
5219
3020
4598
4453
7403
1499
5886
3230
4837
6900
6146
4069
8443
8866
7266
3455
7243
4986
654
9019
2785
9954
9669
3294
665
5860
8948
4640
1707
362
915
9311
5058
6313
5254
6508
5674
5249
3657
228
4409
1765
2349
1699
8933
4107
6475
9793
257
7246
7337
1146
542
6394
9152
3411
1808
3364
3417
8321
8628
172
5878
838
3324
1482
271
5246
2383
451
8713
77
9308
9518
2280
4908
7061
8169
7697
1788
3171
7895
2819
9014
3097
5885
6058
7827
9565
4539
5072
5108
426
414
9318
4875
7604
1579
7410
4035
7460
6378
5388
4392
1653
7259
1157
5387
522
2439
12
3201
1533
4877
2787
1619
9224
8719
9756
3926
9401
6846
6791
8080
8087
9559
7007
2098
7850
9142
5060
1001
1683
3012
1350
8033
5330
1744
6255
5511
1026
5806
4660
3923
8588
1753
2548
4861
7698
1502
5704
4827
4868
2013
7040
7650
4841
1144
2614
9702
5048
1090
6034
42
9823
1665
8843
5303
6678
2820
7388
149
6486
2610
8049
383
6091
3130
3760
5771
8256
6966
3453
9043
8834
2092
6668
6333
999
9132
3527
5026
3653
5209
1990
4500
5222
9537
7831
9673
8730
5397
4575
6660
7771
9849
2655
2520
4024
2031
75
1627
856
47
3821
3925
7425
4926
7205
746
8995
4141
1734
6704
5961
5572
8403
785
457
6328
9081
1206
4220
921
1320
1267
482
3670
3861
976
9363
4148
1436
5359
5367
1092
7677
61
1849
4652
304
1314
273
8992
4185
2671
1893
4478
6061
2764
5258
4511
2777
2316
5403
4147
8494
1338
4824
6164
8764
8727
5491
4194
1933
8765
2789
7400
9993
6189
7256
2897
8707
7766
8026
3641
4634
5796
3093
69
598
1822
4230
335
7782
2434
1738
890
1599
9301
9094
8232
8651
1160
2894
8769
1448
487
6958
9015
1097
5017
2592
7229
216
5324
1307
9925
2065
3225
950
5305
4295
8624
3363
2869
6043
7396
24
8715
402
455
1937
9622
9960
4911
6663
3963
6619
8313
1259
6804
2124
7334
1042
4895
8110
5935
6443
2688
4316
9077
4609
7621
8772
4118
2886
3299
2653
4881
4270
7028
4034
2100
2112
6032
7623
9877
9384
7753
6456
2725
3148
8139
8360
8191
1461
1166
1712
841
7321
3618
3902
6856
8415
1787
3703
533
8246
2014
2827
9977
1263
1382
3918
6637
6891
6710
5723
348
4088
5634
6569
4197
4554
3394
8560
7418
9741
7680
8815
8478
9264
9515
1077
714
5843
4405
5289
5813
5416
8017
340
2406
4823
1361
6387
4975
3409
7522
8426
166
6026
1170
5969
2517
8907
6396
5395
1351
6945
5420
5226
7617
9075
4348
840
3623
5043
4312
5734
4307
4487
6683
9841
2067
4655
6635
8904
6017
4182
5239
8437
2763
7448
1107
8046
9795
5681
5174
1305
4036
7232
4437
749
9674
9411
3006
5963
6059
1661
7037
3564
1594
9686
3326
540
3784
5576
8463
3414
1298
517
548
7062
9446
1793
661
1728
3096
7042
6971
6944
8492
7991
6081
8947
5550
9504
3517
5998
7014
8820
1700
1758
9175
5053
1217
5715
6025
6184
9572
8307
6604
205
2493
6199
9774
4381
9196
5596
6876
1717
6198
877
7558
5792
4524
8063
8237
9204
5479
5642
5046
5735
9734
2421
9978
2865
4635
6377
6401
2810
3523
6831
3473
6295
5011
6355
6268
615
7264
6485
909
46
3038
241
9484
8949
8888
100
8228
6788
2178
6941
7904
8770
3722
6153
1530
881
8424
9190
3931
9506
9707
9748
7088
7709
8994
7683
5825
364
5110
3650
8921
8968
1836
8288
5901
5517
4662
1053
7339
2310
4300
4187
3058
3684
5187
800
7363
7797
7247
5133
9432
6123
3371
3384
1406
1410
8634
5057
6181
9932
8900
3869
6267
8358
4773
2757
3762
1488
6644
3977
4151
7712
747
7230
904
6873
637
9063
9908
5819
6661
9078
1772
6390
1226
3561
9115
6000
6852
6908
2696
5881
2580
6833
8324
2572
5573
5736
1394
7440
6830
6270
9285
9340
2102
2871
1525
5777
3452
9356
9362
1167
8105
1000
2739
8568
4762
3144
8117
8109
3688
2081
1241
2101
6855
3404
7794
1951
9326
9933
8020
3848
8830
1031
3987
1258
1891
1285
230
7832
6437
2255
3807
2329
5538
8763
4078
9997
6079
3544
1027
1538
7672
3792
9035
6477
9658
2177
444
8805
6419
7583
6404
5285
4973
1868
1915
4103
5185
1457
8703
8878
5190
526
809
8205
2991
3066
2381
2217
1590
2445
3984
7595
4607
4011
5217
1648
6213
816
6633
709
7914
4458
8800
3721
8676
2989
4832
2040
1182
1829
6374
6736
1929
7169
409
5755
7364
2211
480
6634
7516
6681
7708
4900
2456
9687
2538
7327
1345
7050
6151
9038
8791
4515
4388
2915
3220
9489
361
4302
1011
206
4716
1269
2346
7121
9975
7233
8731
3872
5875
4259
92
1136
3871
7641
1102
6348
7138
2628
5649
1356
8743
8598
7816
8889
6094
8943
1536
8131
1047
6618
7142
8077
8267
5915
6299
4108
3870
9521
65
463
7847
7250
7475
5782
5679
850
3311
5944
6172
1555
4611
7273
6759
9017
5597
2148
9413
8285
1060
1110
2847
7855
7902
9288
9591
4350
5836
6012
1918
2953
4212
6763
6529
6892
580
4447
8951
2153
3157
2895
11
6279
1567
6060
1416
6954
5638
3630
4411
5196
2884
5584
7963
4415
6245
7896
212
5016
4838
3575
5269
9682
9588
1570
6438
1133
5362
4363
4291
2444
8667
2612
4855
2978
3052
6712
6863
9945
5419
3471
1870
7015
4525
1766
1660
4985
9172
1470
5811
3087
8665
1463
9961
8802
8841
7676
5184
8529
2157
2579
8336
4319
466
4213
2197
7778
1183
7109
7538
5545
7523
8066
7693
8356
6352
94
9488
4747
9592
247
696
9298
3830
8868
3874
9693
4109
9344
7734
6587
5087
8071
6386
235
9079
6760
6810
9051
672
3107
6458
1420
9856
1185
3233
219
3687
4856
3749
7985
9217
5143
1857
4741
5669
2708
2413
5477
8580
5141
8059
6280
3852
7224
1953
6193
1949
9366
802
5008
7702
4501
3378
1635
5707
6350
6194
3440
1083
7821
3337
29
2993
107
3055
3754
4610
3159
7930
6854
5737
2292
7111
9000
691
5181
764
8561
8573
1316
1684
5665
3223
6851
666
875
5748
2584
6543
4253
3279
380
3945
5030
113
4110
9564
801
8644
9380
9935
9640
9134
5927
1889
8972
1962
8950
6911
1114
7342
5392
4072
9969
4370
2083
6840
8924
1974
242
2453
6727
9277
249
6040
9463
5651
4712
9365
250
5294
3346
2665
652
1193
8493
3855
2205
1663
15
1487
5405
7268
4788
4364
5440
492
9895
5558
9139
3427
4173
7431
566
2931
5151
440
1877
3588
2817
8519
866
902
2875
8115
6762
6422
4189
8065
5599
2976
9979
410
5852
2185
3073
6811
592
6218
9509
7594
5202
450
4413
1586
3053
7046
975
8550
6100
9231
2075
4050
9193
2286
9717
9469
3866
620
2626
4308
5213
7615
7124
711
8637
1681
1219
3375
2531
89
7128
4028
4264
1672
4223
2176
7190
9186
6049
4317
1393
3221
2226
2091
7178
6357
8389
2488
5636
7870
9085
3593
8572
7144
7554
1845
8595
8739
6483
9323
7122
5092
3710
9400
8975
905
2780
3679
2807
4756
1100
1862
7125
6018
3131
8643
6495
25
5105
3559
1002
956
2097
2159
4393
2719
7498
3594
453
7552
8186
9744
2967
3140
9238
6680
6318
342
8353
3476
9646
7696
5612
1049
6961
2825
6913
3339
1591
5999
8346
9852
3258
7424
7357
9338
1537
7694
9503
9676
3468
9114
8088
6697
1622
5802
7473
458
9004
7330
8075
8786
907
3614
2625
9512
3336
2005
2313
6750
3693
4489
981
4158
5282
7649
8799
6716
2215
6306
914
4723
2974
7839
8130
4765
1639
5000
7548
5742
6517
3864
7407
1720
9433
2771
6896
4267
5454
3072
602
5459
4191
6305
6120
2225
2006
2666
2032
8722
2109
7494
9936
7137
9300
3387
1048
6691
8473
5563
6643
990
1490
1319
5688
8965
4325
5320
8062
8040
6878
2561
7755
9325
343
9642
3880
8740
2679
9354
8864
8379
5201
5540
222
2951
181
6362
1856
4548
7002
497
7539
6729
8890
8442
2418
8054
1222
5418
7060
4218
7783
5603
3036
7815
1331
184
2128
8662
3505
1852
4955
1018
8100
1357
4421
4594
9931
7507
8902
5360
2762
4642
4904
4181
571
807
5378
7703
559
1439
1252
5506
5513
8974
5191
6346
3552
5832
8445
8181
7227
9310
4641
5097
6813
7290
6823
6042
5236
2943
7193
6522
1600
245
7882
7578
4240
2734
7540
6335
4403
7624
9225
66
2814
7723
4407
5019
5592
983
3037
1445
1043
3628
2048
6354
716
99
7925
5100
2927
4186
2154
7565
5774
3683
155
7828
3408
326
7842
4932
2279
642
8420
9448
5809
3204
6013
5144
6585
5132
5183
7735
9041
5587
7300
305
9927
2549
2485
5268
2929
9395
6231
2606
1726
8368
3875
4819
7173
8274
196
3753
1478
8432
4565
1064
5439
595
1367
3018
6998
2236
7946
3910
5090
2331
9025
4228
2916
3512
9790
9478
5230
4880
7261
1910
5041
7469
3924
1313
5660
8961
388
6087
3802
5686
9824
7585
3752
7886
5971
5683
6534
8916
7592
9727
3110
2125
2750
1371
1747
5475
6794
8396
8264
5283
7609
8298
3609
4829
6956
5519
5654
7127
3292
6719
5954
3876
7820
321
269
2457
1063
9064
2912
8454
8720
3305
1384
6914
7484
6866
9848
4583
8268
9738
3571
1147
3834
4144
9474
3286
7880
1073
4301
7806
9282
5278
2341
8318
4905
7114
5571
741
8468
3983
3815
6997
2166
9378
4345
554
9444
6114
9339
4051
3155
8919
2259
7207
7422
2473
45
6239
9177
6399
5936
7265
9652
1303
8867
5995
6345
3412
4188
6909
8370
6850
2069
1067
1186
3173
6498
765
7091
7399
8725
3068
2806
5739
895
1169
2601
2657
5106
6689
7315
7054
7891
8633
7416
6520
8444
467
7145
1733
3190
4918
9963
927
193
3968
4280
2539
987
7107
3255
4622
8349
7219
8607
9956
1676
2583
3563
8481
2355
4472
1344
1480
3103
2917
1606
5445
5617
3092
3986
7787
2546
513
188
4538
8057
6612
7289
9479
3867
8629
6314
8240
8988
4509
6657
34
2030
2630
6398
3890
63
8861
3901
2099
2562
7417
2337
9891
1468
8876
1529
1636
5910
1782
3091
6338
5923
5005
226
2328
3793
332
8192
9066
1880
920
2513
5717
5407
727
162
6703
3119
4671
121
1732
8250
4888
5377
5308
434
9835
4915
3295
7651
6076
2643
5543
1879
6497
4010
246
4303
771
9256
9099
5719
9743
560
38
1872
424
655
6057
8928
7471
91
2796
6033
3403
7857
9123
2710
3129
7251
2637
1797
43
5472
210
5740
5700
1615
4104
7358
3794
6530
5600
9607
9229
6848
6722
9799
3049
5371
2033
9271
3501
1785
781
5264
2318
180
8213
7018
4628
928
9158
5299
4949
8999
7126
6751
8605
7463
2463
4042
6905
3443
7391
8475
9095
123
2278
2110
1440
4237
7255
5210
3569
7559
8422
4974
3836
9119
8690
5398
1899
2838
2602
6874
3181
2697
6015
4452
7512
3611
2235
5270
9255
1961
9199
2736
8399
660
8332
375
4760
165
367
935
4867
8906
4614
5948
7214
3663
4806
333
725
2039
8892
634
4441
3164
4082
2082
3293
7165
1415
7459
7464
8934
7432
2752
9644
3265
7877
1483
3755
6593
9970
2882
9476
4934
5042
6545
3775
5929
6527
9647
9291
3980
3955
6609
9154
5837
3643
9012
3971
4016
2649
573
5872
8310
5061
5277
6625
8098
9996
958
9341
4386
3374
3034
3084
5667
6820
8871
4075
1449
1597
2663
1280
3481
2723
885
6126
2783
6806
7613
3489
7740
3335
1616
9481
5328
2744
2574
5625
2094
4582
8030
1301
6028
7074
7413
7572
7449
2460
530
1251
7792
5389
6767
53
5653
9964
1068
5411
9471
9651
5553
7295
1407
7637
1818
3698
969
7746
9442
8311
669
135
7640
3388
1885
6921
5880
2908
638
7186
8749
9259
878
4100
7775
7442
6624
9165
2264
4179
1495
1650
4455
1054
863
5382
8067
589
7296
4465
8160
8058
946
1786
4976
2629
300
1419
5273
4665
7774
7531
1690
6754
2837
2345
685
3176
5130
3216
8276
2103
1161
5738
9202
4490
9680
1506
1621
7690
8822
4840
9083
85
1875
9777
5304
2540
2086
8566
6445
5293
9129
3398
9628
1474
6772
2464
923
9377
4989
5960
8134
9219
3860
8806
4299
7830
6511
490
2416
9003
8019
1708
493
6124
4497
4526
5502
6571
6537
7974
5845
2015
5453
7837
8957
3887
4530
6642
2054
6888
4632
2571
7588
1890
4491
743
7532
5117
1651
6278
1913
292
9155
2028
2660
4043
9044
8872
5215
1429
140
8807
4558
9164
2209
2957
7076
7129
2859
56
9430
7518
9407
57
9276
1076
3361
2201
314
4830
2085
9263
4167
5044
5804
9928
8976
7063
1543
4820
6014
9758
1574
4294
5248
3160
8825
3716
7580
4963
2829
9581
1978
2480
2553
9735
6272
3598
9677
3849
4980
4246
2322
6555
9942
6976
7687
7541
3948
625
2233
6203
2950
9769
683
1546
1349
8241
4695
2603
4692
6792
1610
7732
7866
3153
9422
6733
1851
6340
2692
1295
6041
6580
3280
9389
3228
2889
6011
3882
3123
9654
8797
9549
8776
3002
4728
9930
6696
2275
258
558
6724
5073
2387
7948
3534
9250
2024
7986
3700
2954
6947
7881
3558
4626
5167
5899
8848
5421
4817
9866
762
1052
3771
995
4961
1044
8302
2635
834
6524
5959
3777
4685
8969
4883
3536
5001
574
9317
3545
7913
3247
6179
3539
6072
5478
6097
7036
6108
5493
8199
237
1982
4434
3312
8854
1238
1013
495
7095
4857
1065
2451
3100
1122
5124
2027
3695
516
1819
1826
4383
2414
682
7162
6844
4430
6764
827
9221
1118
789
1123
8007
9343
4937
6429
9798
9514
2339
2335
2163
6463
1794
3947
552
3250
3674
9959
9718
6653
9137
2476
5156
578
7899
6987
9468
7397
5848
9609
8704
7359
1469
5618
5417
8093
724
7733
5856
1751
1391
6654
5216
3380
7852
2631
600
5791
7999
3442
2351
899
8525
7952
5710
8441
8517
3423
584
141
3080
8405
1703
4879
9342
2716
5650
9990
7110
3656
9613
8190
359
502
80
3790
1763
7923
1246
3426
864
6152
9648
6347
3031
2720
397
1713
5078
186
9427
9689
7106
8985
2609
9018
4504
651
2980
4432
9821
6822
3213
8837
7515
9206
1376
5598
3496
3989
9585
1693
3573
2973
6217
7625
9749
3421
551
2903
5470
308
3196
1654
2502
3582
4257
2648
1678
7084
8997
9881
2677
1453
1611
8880
1966
5112
6943
1827
8249
9061
7035
4208
2251
8011
6885
4067
766
3919
3707
3343
7602
5766
3487
1438
5052
7171
1006
1544
5520
7436
9966
6247
2791
6249
5858
5883
8754
2440
4818
6367
670
4192
9729
896
1210
9905
952
671
6190
8236
9938
7631
2856
9602
9009
8157
5088
2234
191
2682
2565
5918
9287
4845
3877
81
9180
2613
7131
8402
4885
3041
8896
4613
2435
341
813
6287
9029
3237
968
1119
1444
1482
6926
5273
8119
6135
7667
8240
8665
9676
1922
8658
1729
9523
5821
1079
8004
8606
5650
1220
3192
2133
8129
693
3191
9068
2753
6684
3451
1476
9331
687
2823
8563
3114
8111
9065
3467
274
7528
3831
5203
2475
5701
6133
5698
3759
5245
1586
2912
1230
5164
3824
9343
5199
3341
1108
9668
4327
3597
6449
279
3203
8259
1188
3323
3120
5748
2009
2243
7838
9798
48
7868
1556
8218
4053
2759
7689
7022
6441
8066
6012
7541
4317
1635
3379
1953
4263
1442
4289
7938
1699
3601
1806
3018
7986
2800
9585
4855
3615
4873
9867
7929
583
7033
6691
8333
6602
7350
7565
7785
3335
2312
171
9884
9363
852
1066
4953
3552
189
6924
6162
8547
6548
3235
5672
9465
4751
7529
5036
8942
9465
26
4690
6990
6888
7312
8745
3703
4615
9617
1459
9455
7083
2250
8213
7475
582
9183
910
3493
9614
4571
562
9604
3730
8724
9346
319
7399
3194
9740
7854
5937
9575
366
6933
1370
4841
574
5180
7568
7467
3390
5623
7690
4296
4410
4160
3452
369
5310
5686
5430
9552
8577
9011
4079
9076
4591
7844
4501
5012
3603
4102
4829
3719
4933
4275
9531
7333
7123
3329
8290
3174
7547
7930
799
4856
8114
9488
6581
3223
3930
6460
6004
2148
9719
4390
3292
4354
2835
9682
1972
6214
4825
4570
1204
4474
3530
8897
2726
652
1602
6324
7110
1937
8410
2146
6102
1636
2693
6251
3185
4906
7182
7220
4407
1811
5914
5732
3495
2493
828
3662
5926
9297
5656
4579
1070
7373
230
189
1437
3212
402
2305
4792
3736
5249
6002
5930
9375
7836
7228
1442
1158
7487
9403
2535
6617
3254
6430
7817
9362
4012
2616
8898
6863
329
5929
6946
9600
7525
2817
5284
7097
2647
8017
2819
4770
9718
1388
7794
5994
4947
6582
6997
8586
2340
6275
7410
7149
1796
7033
3901
5025
7927
2160
2683
5771
6283
9813
4280
4817
5487
1235
7244
1925
6509
8616
8599
4281
9772
2547
3739
2368
7820
1047
6725
2552
631
9375
3596
8677
8276
3590
7703
3123
4395
2005
5698
7472
667
2526
990
301
1535
3941
6164
1940
6638
969
9961
7620
8428
9288
6151
5632
7871
2152
895
7518
4063
958
8219
8526
4781
3175
9690
4516
9204
7131
8354
228
3457
8545
1329
2865
593
6237
9924
5421
1439
9621
6776
252
9697
177
1463
7591
3819
7614
6987
1959
4060
2131
3233
9063
4193
7603
7796
2568
5112
3460
2353
5969
8442
2378
5948
6678
5750
529
4090
6085
6864
3504
620
9299
8414
5956
3080
4134
5869
893
6569
6834
3171
1981
1293
2891
7833
2238
1059
9781
2290
2983
3006
3533
7267
996
2708
3197
4824
9949
1373
7096
5607
8655
6056
341
6992
1911
403
5379
1160
387
4939
7717
677
538
6028
509
1783
5509
8492
7190
4327
8851
4860
1460
5771
7210
9022
6374
7347
1051
3021
1296
8017
7863
7370
7357
857
6121
7179
6474
9143
5213
7423
3394
8901
7086
8986
9428
2132
3207
4418
5036
1788
5358
219
4042
5084
5035
6055
1720
9863
124
3881
8538
4952
4810
4873
259
2454
9086
1187
6317
1518
6820
1105
2331
1327
4985
8856
6783
6157
7256
8090
5950
1441
6484
8743
316
9341
7751
8869
1393
8660
1627
5583
8019
3860
36
3191
2771
7354
5270
1947
1274
5878
2538
5297
6088
1415
225
3968
1656
3983
1672
2168
4510
5412
8522
1506
8050
8888
1943
103
9144
7338
7052
1413
4976
3419
811
2592
452
9548
893
9670
1981
8071
8783
9698
7956
8222
7957
4912
9555
9627
414
4363
8268
8263
3176
96
5416
3629
8760
6772
7737
8556
7242
6070
6973
4236
1776
7095
5038
6926
1327
7740
5837
2548
497
1711
2942
8995
8008
67
2967
7992
3686
4224
4110
8918
9291
2111
9333
9914
3841
4309
3133
2924
6197
617
1538
5462
429
934
1718
2415
4950
1648
4860
994
9422
7980
9834
3692
5697
7311
7156
1255
1334
4194
9847
9102
27
4879
7532
2375
348
7519
3676
8289
7960
9828
9795
9530
9069
7677
5136
895
3066
9517
9621
1234
4155
5214
6106
1427
9322
2749
3597
1180
5897
4336
7270
6086
561
408
8313
2231
2296
6852
4061
1380
4655
1729
2920
350
5458
8271
8517
771
7373
895
9888
359
4375
7804
7805
340
1159
7134
2324
4123
6706
3390
9406
8150
705
6146
1990
1524
2838
2310
4176
1738
6886
4951
677
4060
652
5508
3963
3858
8018
3519
671
9465
3059
2198
3878
3595
7691
4487
7263
9176
2381
9562
8891
5215
9539
3970
9916
1921
7217
4191
9339
1316
1143
5675
5655
6642
3358
7445
1611
7372
5056
2958
9401
8363
6130
3018
3700
7360
8256
6025
1181
8061
8996
7841
8103
8884
8418
7915
9141
7200
4293
1328
9962
4236
2755
2888
6426
6364
8009
7709
5177
8944
9355
7312
5222
7644
7318
7548
5201
7997
4367
7158
2919
4782
3627
1301
4255
6033
3626
1148
2891
3508
7
6115
855
7824
6834
7627
5140
3439
6209
5495
3476
1082
1128
3149
5608
7639
6567
2767
9482
336
4614
6873
7952
4854
3990
2858
3231
143
5461
5122
6256
4437
267
7455
3040
4874
9575
5916
2127
6702
8828
4519
8955
8983
6456
2057
6802
9390
7467
2732
3124
1668
5035
5899
4708
8805
8452
2610
2312
7400
4494
4001
9373
7432
2686
518
1899
9375
3856
7678
5345
1876
386
540
4658
3420
8059
3441
9263
4503
2650
3975
8653
3378
917
8188
8253
7222
6066
482
6093
139
2708
4847
9569
4988
5492
4550
2377
1440
317
8295
5545
7099
5579
5402
1518
3884
8633
2464
140
5950
7270
3908
7465
4445
1922
9318
7094
8201
2006
3390
9357
4617
1005
3193
8760
7257
4149
6333
8710
1520
4486
7348
4902
1065
1458
6519
8101
4333
1272
13
7685
9155
1654
9974
8136
3284
5584
6407
9509
5384
2565
6192
6971
7984
2171
4206
6301
3836
1171
7036
1478
2574
4421
348
8013
9300
1574
7859
2007
4270
8853
8001
1938
2452
6285
9296
2405
8418
8209
7810
9564
6332
8809
7120
4336
3491
3864
4464
8248
168
8310
6459
2579
1223
6869
976
9350
2544
8253
2893
7217
6447
8690
7604
4744
8114
98
4727
9343
3240
5015
7815
5869
6293
5582
4721
458
2333
9302
7368
3131
7379
5972
570
5570
2650
1484
8384
9923
2740
6481
9242
686
4941
6853
4469
1391
1249
6672
6432
8393
668
559
8583
9309
9129
8700
8200
3734
5237
7597
1567
329
4968
4475
2489
6455
6427
496
9101
4473
1596
7352
533
8219
309
6896
6360
8442
9298
6476
1622
1719
153
3855
4405
3123
7156
6708
4782
5974
8911
9394
5769
1295
1117
6307
8396
8963
8630
1761
6526
7883
1816
4242
3259
3379
8764
4022
4973
7379
3389
9961
4382
1699
950
596
1934
8770
6701
4048
2474
8846
7499
3021
1692
862
8836
267
429
9256
8003
6247
3059
305
9108
8470
5952
7383
5632
2350
5699
3533
2514
6002
1778
4563
4093
8588
9137
9057
2871
4642
2165
3289
7562
8698
2914
3134
6124
1015
1028
9563
527
5242
2148
5996
273
6165
3050
8305
3394
8075
763
5972
1053
336
2820
5998
2074
6471
2696
2433
6114
2000
5560
4687
5669
6149
2062
9406
1664
5031
3671
3952
6787
4061
459
1675
1636
3281
4577
1042
9959
8779
8695
6822
9846
9838
8667
9941
7409
3613
3101
5699
2544
94
6005
1012
3453
8883
4815
1500
7204
7345
9811
7724
4750
5198
4340
7124
5060
2264
3452
5649
637
1963
4347
2627
7991
1304
7088
9752
7598
1851
6686
3862
5370
2179
2416
2628
76
6180
7765
2718
5697
1887
2726
2316
8645
3727
2193
8432
6003
7283
9571
1498
4694
6087
7841
8957
2443
6510
2461
4942
6165
3515
113
5130
6298
4901
3537
6645
5395
8418
3356
2429
9743
3821
7022
1720
9894
5300
2705
5301
4321
7228
3761
1706
3084
3099
1411
2460
7091
1612
6057
3517
2428
6665
6755
4449
3785
3782
5941
4208
6758
9271
5355
116
4198
3946
4405
400
6122
7499
2003
5350
1256
809
8664
4451
846
3771
3201
6960
7172
3074
9805
745
1369
9042
8081
7366
3721
9281
8155
9952
8098
9905
5767
5679
5341
7465
354
3704
4120
8187
124
7304
530
5122
2746
4551
5575
8747
2962
6518
3664
189
1051
6834
9387
2892
379
9669
2751
7277
2228
1635
7202
7842
8440
8263
6751
5655
6472
3394
5409
3952
793
8286
4859
6677
4150
8102
479
8112
9935
1219
1180
2
7954
5067
1287
6715
8157
7622
7716
214
3331
5544
9381
7711
986
4849
4638
7214
8188
1010
550
4511
133
476
2117
5840
4719
1570
7279
1436
3671
897
133
3027
4196
7950
9983
2143
85
6064
1169
4390
4054
5512
3226
1840
806
7589
7152
242
4355
7555
4702
544
9524
643
6096
1333
737
7088
3806
2535
1565
9785
5347
7576
8265
6529
5841
4437
7642
9211
8108
9441
4783
6180
7926
9028
5032
9344
6155
5839
4253
5042
5436
1691
9183
5598
2782
4860
975
2058
1870
4305
2337
6985
6129
6961
5771
6229
4640
8493
1641
1844
9054
3680
5330
1591
8616
5017
222
2394
4240
4741
6506
9623
9325
2844
191
3990
4034
4079
1309
5899
1141
7261
2384
2637
7864
3360
7304
3410
387
2841
750
5193
6711
8527
6376
5894
5411
1865
8550
9572
4929
4262
6524
3618
2392
6876
1686
3755
823
2947
2851
8913
199
602
8987
2909
6188
4329
9412
9271
2516
8419
5718
7339
6689
1092
7637
191
2910
181
5919
3916
1463
6573
1001
8170
6376
6011
7040
3165
6797
4145
9284
7922
7347
9816
9949
1234
4937
4736
668
3669
2514
2581
1410
2983
8858
8282
5730
7808
4323
4188
3494
1565
5037
9807
1623
278
3682
7241
2452
7178
2793
2193
9108
3470
8552
5130
4252
9410
2162
3469
5187
5779
1727
1851
136
6053
188
7387
7374
3387
275
452
9534
2178
437
1621
4150
9800
6002
6736
388
4059
8471
9596
5214
2382
6031
7531
2544
4297
9595
2406
3613
8661
774
1293
6170
1616
7723
1150
9999
9300
5034
8803
8342
8050
9161
6210
1987
7590
99
1585
4565
5744
8525
4578
6015
6299
6019
5541
3606
8330
5692
2678
7330
7455
6254
4310
1082
6880
2309
9788
2429
7291
9942
6518
1564
9822
6591
4831
1682
4189
2923
5811
972
4128
3521
132
3093
8167
5253
671
4254
8572
764
4256
4777
9395
4053
8225
2525
4410
1527
3399
8971
1439
9928
1693
494
6343
3121
9920
3049
9750
2132
8409
5563
6223
8635
2606
1427
269
4040
2193
1046
8378
1899
1207
6692
5434
2948
1440
956
4451
1340
281
8492
9124
8465
3213
2355
9725
3880
260
3821
4607
259
9956
2348
2873
1950
167
5714
8814
6812
2309
3997
7236
4882
9569
3385
2911
254
3918
2571
2397
1993
1432
5701
5038
3434
4969
9330
3080
79
2726
1643
3007
8985
637
6224
8295
1602
2306
3991
8999
2673
7360
8069
1715
4141
5860
9027
8914
2816
9953
8712
9169
5651
2056
9237
5273
803
6410
1838
1112
7948
1277
4280
6920
7630
841
1872
9614
5978
1181
6786
4356
9256
5359
9993
8736
4944
4079
7808
3308
380
5055
2381
7175
2239
9863
5426
1111
6451
1234
8560
7839
4706
1280
4164
5588
8171
798
9340
5204
5119
6698
1421
3495
2217
7489
6392
8894
4218
3005
7902
4609
5190
1108
2299
6540
8491
5984
4680
845
1988
146
7245
7639
2773
7778
122
8037
1953
2512
7558
8068
2314
7696
281
7111
9719
3007
4028
1912
7540
88
4347
5393
6947
3636
7194
6809
1372
7136
6923
2525
1896
8664
223
2654
1157
6917
2235
228
9471
6032
1653
1185
5239
2243
9841
6408
9763
9535
3497
6068
8577
4960
6769
3323
5291
679
5241
8467
6425
4325
5160
3753
5346
6009
6719
8938
6822
603
4214
6301
1510
5257
273
8053
5395
6650
1927
7348
2867
3470
904
6525
737
4116
4075
9916
6408
8651
863
9827
99
4245
2115
1494
640
9940
5374
2899
2823
493
4046
3915
5934
2871
1254
3652
6108
9603
3385
9812
6739
1351
8614
9163
2324
5338
3330
3722
7023
7320
6525
8784
6168
4972
1085
2574
3136
8234
9860
2108
7390
5347
6835
4464
8602
9182
9897
1084
532
9109
6823
6024
888
9092
7500
9958
5274
5813
1637
6562
5595
3920
5960
7048
5936
3250
6792
4836
9158
8066
550
6179
8329
6686
8252
20
6936
6243
1512
9948
3267
155
2872
2942
3978
5053
3137
4678
111
110
9121
5122
2430
4713
2282
6114
1391
8538
4186
3398
7599
7602
4919
5942
2400
1608
7250
5184
3804
4068
8597
3279
70
7666
8412
6545
1547
6559
6008
179
6189
1985
8244
7028
8299
5253
12
5026
9871
9873
7199
9966
6375
3490
8469
6793
9805
6243
8042
1660
3657
5165
9368
9746
9039
6411
2728
545
8401
7890
2463
2747
9414
2431
318
9229
4804
7009
1508
2011
5917
321
5246
9080
5317
8845
9446
2736
4792
2771
46
5637
1981
2100
2766
5361
9157
1896
8516
7198
6823
3227
3521
6204
9735
8864
3591
769
770
6094
2179
9606
8406
2462
2975
4215
9852
4760
6412
7836
1010
8362
4731
926
7164
9208
8824
9215
7644
8750
9487
9558
5565
9267
4680
5712
928
8021
3474
1253
7763
3985
360
5874
6179
4525
5612
4429
1845
3447
7946
6011
6444
7636
2283
1707
7153
1497
3037
1338
7270
7697
9624
3796
190
301
9149
8108
1670
7328
9709
9704
9270
1076
3828
8340
9275
4187
5866
15
3774
345
4930
9439
4880
9285
6547
1232
6014
5699
5407
1629
3968
187
2994
2944
2934
4153
7690
2200
1801
6637
8223
4573
6647
274
6404
5374
7104
98
1848
1770
9968
9100
4449
7485
8797
9498
3213
3263
3244
3373
9261
2810
9334
9168
6196
3590
1600
4467
3644
7603
5669
9576
3748
2504
5329
726
846
2749
3360
5973
4373
9553
8564
5314
8226
8453
281
9574
3078
9604
7404
3898
2874
7655
7183
1109
2417
2437
8069
6639
9671
6495
7534
452
2523
1689
5971
5586
6128
7162
8440
876
8240
1936
4184
548
9730
4898
7257
3054
9756
7294
1210
7999
689
7327
8894
3088
3659
9754
7584
140
3331
1416
711
7231
9151
9601
6128
7730
5725
335
6667
5520
4758
7815
1355
6593
3902
7836
738
4660
5626
7521
9626
4099
5327
2016
6208
3463
8476
9246
8641
9205
8070
6767
1646
2104
8070
3813
9201
3015
1284
1149
7634
2099
6812
1378
1915
5055
520
8602
6291
2607
2608
8230
2606
7738
670
8379
2639
8459
3592
3144
8893
9119
3256
6251
5373
9582
9249
8879
6788
4588
7148
3719
6344
492
276
4267
607
7217
2473
2178
9450
6610
8936
6756
6561
4622
6367
6248
4924
4699
1223
8801
3532
9415
7436
9828
8875
8428
6424
366
9803
3460
5478
3684
7908
9763
626
5962
5445
5319
9631
1597
9055
1153
2338
9015
4419
9163
4031
3833
9930
7935
8549
7496
9860
1145
5421
5600
9475
1007
1636
9788
1928
2452
9369
9056
9313
4176
3095
3454
6615
6999
9596
1321
8170
7946
8016
3558
8471
3290
922
843
8624
5230
9452
5731
1570
4244
7928
6176
1415
2526
7520
2160
2980
8347
5861
2895
6957
6094
4123
4589
8953
4954
9279
2407
7280
1502
4741
160
6724
1880
3708
6606
9191
6017
2955
5937
6566
401
2763
8378
4354
821
183
103
7005
3075
5953
2261
7283
8252
4938
7160
3563
437
8452
5538
905
9473
3950
5383
9745
4776
3215
1985
4197
3134
383
8345
5200
1105
9129
6980
6319
1744
8245
2378
8338
3814
3304
8715
9595
3979
5769
620
9047
6052
4458
7735
6310
1189
4865
8797
38
2924
6617
8526
5722
4662
8132
7372
1660
2998
914
6622
9792
4246
6546
2868
5263
5260
9951
3911
3998
9229
3394
2270
9008
1527
8555
9295
9914
2754
2759
7573
1244
24
8105
583
9361
6154
7278
1786
364
4560
1255
6646
1570
7458
2382
309
8938
5950
1267
1651
7395
2813
7377
346
6643
6506
8253
8609
2762
1245
8516
5985
2787
2381
9413
1471
2723
219
5824
2261
5006
187
2609
6402
2173
8671
9417
4744
6304
7785
8492
4446
1404
4903
9246
2471
1940
7980
2331
4778
8326
22
5572
4959
3419
8932
3484
8917
3475
1792
2660
9328
3404
6145
688
7206
7159
1329
7199
8192
8609
2400
8659
4389
321
4245
4935
4656
1306
9633
9577
8950
2830
7291
5560
5830
2595
654
7839
4819
6483
4155
4246
7696
4255
5738
5622
6215
3485
8436
9611
459
4443
305
6206
3919
4515
6929
7433
8734
6311
6846
9088
6463
7316
7611
7017
2559
8292
9697
8541
1879
1043
924
8888
2854
4607
476
9146
4370
3455
7869
2300
8549
3345
6214
9560
2543
8704
7615
6447
1714
1797
4371
1505
5777
1936
8656
9072
6531
729
2731
5342
7943
732
248
3837
3552
682
6014
563
3620
562
6829
4203
8574
2921
8385
7809
6665
5461
2088
7868
488
486
7911
4325
9140
9271
1687
6896
9043
8919
8805
7878
6066
2991
1536
6702
4517
6494
2185
4148
5276
2312
4552
6561
7418
4603
6260
1100
8131
3989
3172
5827
9680
6978
3764
2128
7278
6621
5660
7340
9407
6414
9176
8741
1839
5331
3346
2376
9521
3563
7502
7745
8043
6435
8332
1938
3407
9709
1478
2952
5854
1814
6534
8005
9350
2053
3217
6623
8792
1994
3796
7784
4668
2531
4291
9617
9486
165
8804
1786
4116
6410
9361
5720
8198
3337
3262
7260
5828
2928
5621
9032
1029
6620
1090
8047
3475
5412
2401
9133
1313
4494
1859
1292
9811
7141
3608
8966
4024
5276
7809
462
4424
2204
5390
3707
2451
6727
8117
5062
5777
6184
410
8996
2491
8011
4401
7286
3584
6809
2992
8388
4580
9095
1840
7817
4512
9035
5129
8573
9462
4071
7761
7998
6234
396
5741
3163
4404
6498
7301
7076
9462
5099
4883
2117
9620
1653
7396
9675
5706
455
3632
2470
4770
4023
4138
8576
4354
988
5683
3310
1140
149
8869
1093
457
8060
5028
5555
3366
9876
5989
2785
7078
3466
2871
750
2745
4772
135
6591
1291
9568
7039
5903
2532
3142
4547
6000
521
8197
1930
6233
3641
6269
2731
5581
9825
4816
3621
6031
7535
5752
5032
7256
9172
4328
804
448
6013
6341
9430
4711
3120
9356
7370
3756
6369
8383
4416
8025
1759
9756
696
2718
5439
3717
8957
5935
2069
6057
7175
6077
5674
6069
9490
9172
9105
8149
319
6542
4642
545
6014
4381
3563
1248
1921
2434
4746
5418
5095
8461
5995
2722
1763
6840
8126
7147
3337
1354
4391
5629
851
3359
7895
4428
3545
3870
5468
5163
2333
5464
909
6507
8177
2451
3484
2600
423
7918
8253
5743
3976
799
5174
2177
4151
4819
1464
7256
6222
418
8288
4127
4215
2445
644
5038
1364
9209
1880
479
7176
3187
8241
2101
9560
2248
5304
3395
1518
7481
2094
7348
226
3258
1616
5564
4936
9727
6550
6283
1353
9227
1270
3343
3397
9956
4115
22
8869
2670
7293
4787
2850
9567
5052
8744
4716
8692
1798
14
3472
9180
4408
855
4256
6359
6268
8977
1472
5036
7925
9686
4784
318
7110
2495
3793
5483
6642
3970
647
8660
6942
1875
9383
7081
2037
8278
5844
2261
4488
4218
8491
7302
5418
5736
1857
1605
7135
6013
5780
8135
9013
245
6528
4734
9277
8461
1478
7459
1129
3512
6184
1625
3719
3357
499
968
1090
1354
1997
7373
5673
8082
1381
4183
7698
1462
3317
5059
2805
2131
4631
5660
6936
7291
4292
9467
9531
1693
2055
9415
4533
7330
6102
3529
4412
9352
2725
4466
1103
3213
9267
6771
9712
5413
3385
7570
5028
7667
9986
5767
6753
4217
2714
2882
2522
3558
8351
5347
3721
6761
345
818
1498
1620
7959
7324
3842
9900
7622
9421
1001
7576
2061
8094
9998
9358
2642
9430
1701
3248
1845
7269
5334
6359
4787
1133
2504
9265
7369
4520
3437
6689
5195
1700
9296
1105
9497
4608
1255
6221
4196
4785
7671
874
1258
9672
6158
3339
9032
9456
9177
9958
7434
8167
8443
8711
3086
2707
3625
672
6300
8757
801
7943
3824
4353
9568
1320
662
7572
6371
3633
3914
9190
1465
8068
8801
8604
7701
2312
5329
9412
6379
7824
1582
1123
5775
8039
5590
3880
8590
184
3922
1514
650
7244
3202
1890
8378
2657
5983
2697
1
7791
1757
4138
1858
3688
1512
6726
6540
317
242
9478
5929
2281
1975
7101
8492
3202
4066
2359
4471
2197
4293
2986
7988
2445
3967
5497
8583
5848
3374
7433
9796
630
8191
8545
2160
8110
4619
3332
1385
813
4737
4758
5834
8980
1958
8062
5797
5654
4523
209
2095
4703
1447
777
5826
667
230
4642
2314
6651
6000
4609
2550
53
6324
4351
6400
4247
2660
2867
2530
3771
3844
815
6668
9407
9667
4566
248
4470
964
149
5010
9050
2301
7823
5969
5998
5200
605
7720
829
523
7923
2514
2298
4598
745
6380
8526
3103
5455
5180
4986
1388
7242
1419
7516
2801
8171
4396
5650
3721
293
2651
1338
8826
2785
6310
1832
7625
9642
8937
58
4192
1506
2606
5999
8494
5074
2514
4029
2600
1905
2708
1736
7750
9550
484
3747
4081
1676
7355
3289
3590
8490
2691
85
1045
6655
5534
4557
4218
6472
2044
6457
6456
6194
3672
4250
8231
9346
8582
1713
5820
7028
7196
6946
3567
9972
3418
4034
4610
2977
1813
6401
8025
7033
8879
3503
7474
6039
8232
6131
931
6213
8872
7774
7947
9497
899
8751
1145
1065
5147
2923
5273
6995
6856
509
5721
2655
6157
8372
91
4918
761
5740
9373
8464
9926
9554
8947
3445
2651
9116
7753
3657
2439
9985
6162
9631
5647
7631
8272
7410
8421
1847
5176
2406
1189
695
9752
7977
61
3948
7320
9886
7330
644
3352
9544
1373
9193
7781
2459
73
8572
2392
6949
9010
1803
7119
8646
7896
994
7139
688
171
5072
4839
9679
4691
2165
9352
6551
9908
4060
904
7771
255
5866
4826
2409
4700
1004
7443
9684
1163
2841
1194
2041
3273
2326
6763
2653
5494
6590
7042
901
9926
1413
3573
4619
1530
8905
6085
6481
9448
3264
5568
3545
4311
4159
122
405
2427
2853
8753
5188
4201
2176
7909
358
5870
8656
7025
6909
8151
5978
3381
8308
4345
5182
3619
4203
7650
628
2925
3975
1813
2374
96
8136
9052
7584
8535
9049
845
2376
1601
7425
4892
5086
2308
1807
4824
9030
1391
5731
9787
6206
8065
2596
9286
554
71
3044
445
2549
7885
9003
293
7311
5023
5117
9286
3788
4953
2568
8356
5030
8776
4756
7665
5831
4286
8519
4790
8993
6181
4123
340
4065
2151
9940
7700
5472
2006
3270
2213
5041
8109
6326
8408
2836
3979
9720
4871
7173
3119
8671
6711
1013
4781
7197
9566
4986
2531
1751
7667
4752
4285
6889
5187
2830
6453
595
2122
8723
1039
4643
154
851
8967
3717
4643
7645
4709
5449
6029
405
3784
6914
6531
2950
4362
9149
9431
6057
3286
7449
929
6482
6523
1369
5972
7556
3583
5444
6723
8849
6377
9082
4766
2823
4318
5873
8484
7545
3488
7880
5465
9679
9541
8697
8682
198
2179
3328
9258
8664
8489
9276
2728
1368
7853
6606
4818
7214
3261
9621
7467
4415
8143
8639
3355
3785
1923
1073
8950
8604
6408
6325
7397
9136
7522
1679
4504
3632
6088
7248
6740
9739
6948
5667
5668
1771
5524
8940
255
2304
6182
179
2271
3799
4863
4615
6370
3936
7127
899
4469
3879
9009
3911
9220
4627
5040
9343
3970
3708
3226
4158
7009
7930
9736
3796
4292
2623
7732
830
6364
5531
2157
2183
4584
4143
2503
355
6950
5502
2121
1375
1602
4871
9211
9022
7509
7505
8208
9421
3211
8466
6616
1217
3749
930
722
6643
5727
7613
397
3763
6724
6988
4147
2915
5134
1086
9215
9406
1814
8358
5307
7009
7867
580
2674
2161
6821
9775
218
2161
3098
8258
6480
7159
2081
7494
5089
6264
5383
2755
9825
2372
2625
5180
3449
8152
131
2131
3248
4402
2255
3787
1637
7706
2420
3162
6389
8451
2810
159
4301
1515
2213
3815
457
7618
4083
550
7137
959
6790
137
3765
8332
237
9473
4651
5176
9516
9073
1913
3027
6215
2796
1009
6990
4322
5581
8015
1930
2065
9692
5743
1188
2082
3986
3813
2173
7286
1310
6422
5566
3554
6493
9841
4215
4630
2159
998
4383
227
2935
9821
7586
1275
2764
660
4948
3248
7861
8128
7411
1509
5823
6521
7238
9051
4686
3333
958
6899
852
2250
9026
8961
1087
1886
2395
3743
7942
9997
4715
67
5244
1442
314
6738
4676
8456
2933
1632
7553
7160
2991
2727
5590
6238
4059
4812
597
6849
1638
4500
1969
3463
352
6022
5822
2255
2971
1046
9581
1177
243
6130
1941
1442
8261
1679
852
7029
8296
5794
2021
2316
9281
4468
5704
7586
8913
1070
9242
3273
5999
7069
7395
9824
3405
8913
6811
4040
590
9188
5734
8243
6121
6424
5107
62
1008
9629
3492
2568
7525
1569
9469
150
1860
8033
4833
119
4885
5118
2424
6329
5172
8019
70
8783
7586
9094
9586
5722
4080
8136
6682
5705
9390
8644
7088
397
9234
4265
1565
8122
6439
5617
8775
8038
380
6879
5924
5906
5088
263
2024
4100
308
5204
3589
2443
4390
3634
7324
4065
5570
2403
8480
3226
6888
2059
2931
1497
812
501
3338
7265
945
2995
7382
8476
6401
4218
4648
6257
4085
4122
5655
2964
1361
4433
4987
1990
671
6182
7007
4563
7469
6278
7002
9441
1618
989
9453
2398
2936
6728
9152
5627
1699
3147
6885
4281
8368
9383
3890
8076
9888
2222
3518
806
8868
5007
8433
5931
2138
9687
9296
7914
8191
3132
8176
9623
3058
5639
1441
530
2772
2326
7141
6414
962
5612
1729
7954
9789
4737
8266
9259
730
9830
7939
234
703
248
7519
7958
6214
8809
4739
735
8533
5302
4784
5006
9815
4529
4781
8792
6390
2339
8770
6386
3298
5931
1559
4421
2728
9652
4496
3662
621
7923
5486
8501
406
6772
3794
595
3170
9012
6808
9760
4972
5262
8936
2681
3425
3830
9895
7131
3674
91
4590
1453
559
155
9406
4081
3794
3955
3749
8506
7194
9343
3001
2832
4501
6616
3089
1374
3414
4899
6123
7191
4005
6151
7362
3369
7238
9688
1171
904
3253
9916
4537
215
4329
5754
5998
8749
628
3726
7492
8828
4305
732
2502
4485
1458
2512
4605
6622
8963
5129
5489
9670
494
3416
6235
3222
1366
6452
80
388
1741
6403
4018
851
7459
1026
5172
7786
3998
5956
8997
132
8898
9000
5554
8101
4456
8037
462
2686
6551
4540
1899
5881
549
6322
7660
2841
9575
6542
1595
9975
1351
2732
2986
6780
5498
8884
4952
9388
7770
2886
3378
2599
3487
931
3266
4906
4138
6929
4180
7103
6397
5083
6407
5781
6803
1651
8384
67
448
3482
4824
8412
7424
82
6233
1884
4431
4958
1977
1375
1892
3686
5621
5620
784
7197
5692
1943
254
7543
5517
1610
9627
8370
9395
3673
5117
82
2560
5026
2684
3889
9358
7256
4597
5528
8098
3594
5911
1497
3100
5604
8001
4723
4388
5115
6516
1322
6406
2732
9838
3535
3066
606
6903
4397
8386
9887
4937
6178
7439
7590
9039
5361
7249
2501
2221
5446
3307
4677
3657
4962
5254
1821
7956
2778
8823
2761
4047
7640
595
1839
8139
801
8851
9919
6098
3818
8481
3659
967
2823
3463
3707
4779
1258
4452
5942
9369
5732
5422
9633
7194
7696
2344
4586
3837
7540
4106
5585
6118
8883
7749
8205
9775
8586
1978
4482
7962
1252
7823
2538
240
2620
922
3718
3025
4636
1133
1501
8976
5576
5122
7100
9211
5669
6400
6287
7697
7146
1849
6508
1027
8629
8637
2996
6698
5111
7882
8577
1959
72
6102
7341
3670
7172
5858
3854
2733
9234
2046
6781
5271
4936
7193
7052
3141
2879
6560
2883
2015
5858
8660
4019
2399
5070
564
7490
6291
2342
2881
2086
8177
2343
8545
6056
8010
150
3098
3756
6353
7123
2127
8369
820
2810
8367
7631
7208
6672
3709
1142
1941
8284
4344
3646
8191
3525
1357
2867
7950
8012
4706
3385
1562
7003
7549
1764
231
7906
2230
980
1141
4431
1723
7050
9409
926
2826
984
3818
7355
8162
9592
3262
8237
6236
1799
5317
1761
2584
9046
9451
2083
1494
5714
7459
4668
7711
9557
2698
1565
301
3386
1190
336
1148
9667
7873
9979
754
6361
4855
6393
4340
7502
8888
4298
9443
9858
7921
6713
1360
7217
4930
2035
2325
9146
464
2483
2626
4403
7689
1001
3216
7081
2796
7573
7212
8767
3684
611
6760
5926
9981
1286
5185
6563
1868
2096
6521
4515
5350
9086
2910
6436
3678
1204
9004
3174
3334
9852
4853
6458
3654
7321
873
3019
1421
3798
5244
7448
2199
1803
345
2892
8221
325
5408
5570
9515
9558
6703
3639
8777
2838
707
3023
552
4572
5682
9772
9453
7820
9441
4797
4034
2499
8163
9539
5171
4074
8101
6447
4221
7518
2324
7021
3736
1174
7008
5526
7969
2373
6671
3461
8912
7394
4633
9978
9769
3863
1015
5293
7688
9093
1379
1622
709
6082
9614
4607
9679
2216
5687
8389
435
6093
9102
1080
402
4521
7586
1031
4801
3259
1275
5541
5647
9863
7143
7576
9668
6113
5702
5240
5978
5487
9705
929
5625
1473
4523
8203
6904
2440
6367
5321
248
9803
6852
9695
6604
9887
4579
8567
4588
4607
8574
4516
1758
9820
7213
9841
7737
7495
1006
979
4690
9302
9184
7111
9513
6894
2444
535
5829
2895
8573
6940
2626
3712
9455
8263
5955
632
6311
6037
4366
7208
3145
1696
3594
4128
2620
1313
848
8887
751
7314
638
5542
5591
1606
2330
7744
7465
2512
3039
9986
3596
2193
34
7953
1787
3537
9627
1849
8646
6287
8985
510
9170
8234
9016
3692
7213
4921
1247
9965
609
7470
5711
4580
2658
2942
8927
4306
1370
4806
6099
3558
3906
9905
5213
1409
8824
8231
4580
4346
8430
6640
9390
6288
9725
1772
2144
585
8262
1175
341
3492
5825
7701
5919
4675
1461
8274
6141
5893
8273
8376
4993
2287
1449
137
8460
5266
491
2520
4665
3006
5861
6631
5381
5289
2941
6407
8583
6226
86
2955
3182
7947
8941
7956
651
6733
6564
2200
6136
3322
2165
4701
3093
8365
842
5159
2939
5799
4495
1482
6245
5410
8474
2806
7589
9979
7749
1220
6596
1981
7493
9225
7319
717
5033
5760
6063
8506
2245
1721
4268
4073
4067
9206
6032
8620
9069
1346
5523
9480
7657
4818
1223
1182
8013
5889
5024
566
9821
7442
6757
8326
4749
1596
9169
7646
3366
9359
9892
1657
4906
9430
9183
4987
6978
3318
3581
7691
6634
2350
8130
1718
6035
2403
6315
7323
858
1570
9063
6918
3192
6163
1419
9205
2603
3346
9996
8659
678
537
4373
546
8724
3310
7806
7875
8024
101
4095
5242
7870
5742
5783
4659
2139
3189
6812
600
8982
9028
3765
3447
2737
798
4497
7868
8673
3343
7369
2570
1472
7524
8545
8382
4244
4422
4513
6766
8252
6719
9539
2450
7540
2450
6607
8716
4253
5043
6961
5276
2027
6858
2102
5820
7448
4413
8543
4521
7282
5906
5223
3310
1487
8125
5469
1
6776
6645
983
2589
8856
3730
9305
1254
8693
9082
4997
403
3349
405
6286
2295
1725
3592
8113
148
4377
9014
8118
1398
5337
6051
1442
2580
4607
6391
5420
4389
8599
141
3936
4049
6155
4574
6280
515
8076
8992
473
9202
5552
5963
7464
9370
6365
6932
7676
9324
5259
5747
2104
6342
9586
715
156
2714
7028
8478
366
2935
3283
2741
8660
4263
7130
4889
9351
4229
5015
1959
8877
6076
295
4316
5691
5438
4681
8331
2731
4536
1553
1673
5692
494
2407
2369
6426
3871
6743
9714
8156
1377
5743
7091
53
8491
831
210
4417
6895
1963
9295
1335
7956
6802
1470
7150
4198
368
1587
3185
295
8667
8119
7938
6220
4605
3554
4604
5036
3423
128
5588
1906
804
2510
9571
3399
8570
9066
8559
9051
1565
1546
6811
2759
6662
4056
193
2126
7168
9670
5967
9001
2155
5425
9974
1002
9803
9916
7004
400
1659
2947
7291
9481
1546
7467
4409
5708
6645
5306
407
502
9518
6811
9885
4827
8297
9698
502
8157
192
3266
7818
2600
829
7250
6891
50
8138
8319
6136
5302
3348
6994
4989
2042
3107
7086
5739
6483
8309
9855
4558
2733
9520
1945
7256
9769
6898
7166
7946
5848
8687
9285
9358
9625
9346
266
4429
146
372
5253
6173
2803
303
6099
799
2366
9801
2721
6730
7258
6275
241
4279
9540
2983
9604
7173
8207
196
603
1612
205
6807
3718
4519
4845
5344
3308
7836
4131
5170
7295
9296
7704
7850
1900
2153
4098
9760
8458
9523
3625
3560
2265
3550
9169
6706
7398
7565
8051
8501
9769
4808
6288
3112
1888
7697
1928
771
4054
3190
3410
697
6635
2966
7253
6926
3465
5339
4749
8028
7730
9462
5504
5222
1309
9197
7702
3851
8339
185
6668
635
9485
7280
7096
9863
4772
2080
7169
3616
3684
918
6344
6022
4929
1643
616
5488
2493
6070
7649
5226
7766
2612
1333
6504
4269
708
6060
3008
7059
415
8001
1446
476
3298
5034
8199
8258
6209
3045
8135
5795
684
3951
8196
5486
945
1998
5178
954
8368
941
7407
5416
1922
5411
9629
5318
6991
1900
1331
3186
9356
2114
4277
5323
8297
1827
7467
6630
1894
845
3329
7879
4242
4379
816
2024
6836
5377
6190
8966
6069
6426
746
6574
3899
8041
4726
3498
5530
4643
2873
5850
7598
9275
3377
5983
2996
9959
197
2375
5754
6395
2772
89
5612
8827
7056
1549
3080
7036
6467
456
9233
4132
7069
3406
3649
9892
4043
9029
8619
4969
3600
2592
4038
3777
8175
8854
7441
1392
8906
4397
9518
3126
9019
259
7196
4684
6366
2910
4118
2858
771
7994
8385
3317
8857
238
1467
3057
6059
9486
2695
2775
4705
3679
9776
8477
1411
5621
8057
5142
6869
5897
64
3128
9044
9433
6745
7620
7609
535
2056
1887
5760
7045
7966
6418
4661
1031
9353
8439
9037
8237
8108
511
8448
3295
1463
648
1866
9837
5588
2214
6037
3340
4077
6797
3473
656
2782
7511
82
2557
3064
5666
9217
3274
8098
668
1966
1037
1059
412
1151
2430
3675
8140
661
9532
1153
9905
8407
8283
1457
9505
8262
6364
5648
3945
7281
5907
9380
75
1923
8510
9555
707
8590
4852
1101
9740
4102
8693
9239
7112
4971
8426
3464
9270
2699
9823
2423
6505
639
8210
2462
8011
7884
2829
9429
6993
1953
5701
24
1550
4742
1905
7487
4126
915
9049
5791
6284
4484
5066
9104
6545
364
5632
7628
6557
5200
8935
1763
1967
7358
4609
2351
6164
9810
9228
9557
6050
9971
3820
9827
613
8371
1294
7034
5651
8048
2690
4599
9243
132
4872
5952
9798
9745
8338
4797
655
5953
652
9158
5920
5338
1478
4716
2644
7295
6726
8930
8704
7965
3629
1528
4547
5231
849
6615
8969
4519
4290
668
4091
763
2981
8695
5047
2901
7619
5651
4563
7248
9954
1257
4383
7175
3249
7387
4768
2469
1277
1948
3456
3034
4152
2280
4088
5548
5923
9069
6787
5733
1984
2568
8965
42
8641
1374
7405
8026
7417
7443
3468
6232
8792
7652
8920
7800
1433
850
4623
7264
3907
174
7478
4117
5009
4145
8023
8121
1910
7236
6869
1380
2631
7396
4422
3580
5260
1244
2639
2085
9261
8583
669
5006
3273
2569
6559
2553
4285
2644
6672
1601
5903
7
8042
5528
5935
9600
2854
1351
1390
4408
4313
1155
726
4824
9400
819
6382
3781
8477
4118
2229
2163
4811
9315
1345
51
7495
380
775
6888
9705
9678
2882
9929
7466
6872
5500
8570
7829
1948
2937
174
2864
4510
8265
7614
6500
7839
8788
1462
5125
8877
6619
8308
7718
5818
461
5154
6384
942
5407
2798
6848
5946
4698
1014
150
2691
9138
1894
84
3000
517
5339
192
3586
2122
8917
1609
8207
1796
8625
7559
7872
7315
7344
2873
1428
8121
658
2018
5456
284
5716
268
7497
3113
1502
3398
1504
8425
5466
3505
8909
62
795
7886
4978
8922
7158
6082
5024
7229
507
3800
6058
3284
8124
4822
3792
2295
2002
6193
4572
7879
6965
1237
2425
5977
4195
4092
7967
5674
3064
3553
6045
1909
8692
2981
6834
4126
1959
319
3730
1060
6149
8524
768
7990
6284
4946
4619
51
3002
7435
6865
8930
6841
2834
4511
4828
5828
2554
2643
1988
3668
1748
9803
4348
5609
1944
977
8699
38
3299
1532
5436
5228
9935
3038
2351
8835
5681
556
142
9252
6926
3478
6749
8607
7493
8376
2832
5158
9672
7644
3165
93
6552
7253
8644
6242
9498
8735
4029
755
3609
9849
2782
3695
9481
1196
2628
2609
4834
3731
8720
9677
6360
8255
9786
8261
4978
5404
7752
6890
3209
4683
5844
257
5168
2972
5517
3042
8267
7627
1049
2940
196
3422
269
6840
8120
2271
3088
1985
8367
1987
893
5718
7909
9914
8618
2833
8762
8098
6069
7630
7601
2801
9273
833
6202
5576
9887
69
2177
4627
1898
5538
1462
1249
4884
5266
7683
5177
2913
5360
5361
5720
6037
8672
837
7980
1081
9555
4714
5114
3820
2984
4466
1333
9599
1362
8939
3835
2139
2022
6477
1230
5559
9461
584
7450
9370
2060
6065
7077
9750
3069
2511
1322
150
8245
3004
9185
8323
9805
9289
4914
1984
3535
2988
6203
1600
5372
5143
487
3898
6465
957
1128
7771
9353
4419
5116
8540
4045
7576
7015
4322
4222
1120
6880
8978
9755
5298
1687
8012
6919
1526
4252
7383
7221
5045
950
182
1824
9244
7913
954
9486
2446
8575
8103
1167
9015
3678
9809
4338
6632
6235
8089
5700
3680
2230
3448
558
5422
8714
752
2124
1342
1575
7246
9835
6648
1408
9695
3216
7094
6323
5946
4608
7614
8424
1244
6689
946
2728
1176
8489
5707
8336
2260
4454
8141
2494
212
3057
632
9844
379
5113
9574
1662
2283
3436
8424
9813
5160
3576
4998
8811
5616
9813
2770
3821
2791
6820
2134
700
8291
213
2341
927
7902
4511
519
8399
6705
8992
743
6947
7139
4101
6575
3529
5223
5164
723
6746
8253
2141
5609
3184
6893
6350
2466
1522
7939
1903
3965
9424
4487
6333
255
4803
2107
55
5084
1211
1116
9019
9365
892
7227
6714
4844
2193
2166
8893
7732
5404
1368
242
8437
3375
8329
9039
1795
2109
2537
4214
9952
5998
3254
1972
6200
1119
7370
2878
114
9919
3620
5158
3036
2508
1235
9808
4195
8927
941
9138
8548
9535
9688
4924
6374
6246
1618
5099
6996
7721
4023
4319
2206
7926
7065
1353
1092
1351
9986
8201
9655
3291
260
2077
5687
3193
7464
7887
6038
7838
7578
6849
2534
9112
710
2505
8250
7893
2016
6123
436
5016
9352
236
1370
8321
4851
4455
7499
502
5658
1916
9847
1071
1974
4692
6582
238
1143
7808
5127
6600
5772
9554
8283
6443
3374
3337
6371
6162
3605
8867
3677
5859
9304
2741
6898
9055
4471
2756
6697
2415
5565
2372
9709
7060
5237
5803
8978
8885
3200
7020
4296
6606
3879
8345
7040
8733
8927
1759
4610
4726
1363
7086
7783
9970
7489
11
8339
2577
6068
4811
4057
9322
3783
839
678
1445
8946
9134
9158
6216
6375
9157
3482
2782
4791
9219
7851
4144
2105
2148
1991
5487
4756
1827
6488
7065
4863
8325
4822
1564
5811
7996
9673
2074
2368
8491
6579
450
3561
7792
9090
7106
6328
3419
19
7675
8962
446
2520
2041
9212
1497
6716
9915
6577
9834
9726
3476
8794
6625
2054
9604
5198
196
5316
8562
4876
1737
1796
5282
3022
3301
6622
6792
275
5031
5760
3969
7442
4257
9997
7059
9271
3788
7918
4169
2880
3554
9205
3370
9055
1843
7008
7279
5159
4214
4864
1885
5396
6121
4760
8063
686
6326
7611
6944
5270
4406
4045
4923
8829
8536
8592
9504
2088
3103
932
5953
9815
379
6128
8743
2642
8153
5288
6234
3665
5460
8065
3327
3463
2673
5901
1596
2911
7793
4873
7958
7823
1876
9160
624
6452
8256
7529
5358
6316
7643
4437
5394
9792
6634
7341
919
8151
2297
6375
6181
5679
410
1016
7860
7146
2746
6547
1651
1317
1908
4366
5553
5042
1989
3327
6474
8182
7454
338
1062
7019
3081
9921
1393
2359
260
271
4112
4423
8526
7598
136
2280
8962
3125
9203
1625
6598
3053
1847
9907
9424
3630
2140
8929
5031
9497
5727
8517
8733
4066
6912
3921
2571
9657
6814
3323
2564
6728
2146
5038
6240
1660
8224
5877
7380
3394
4510
2686
5946
8
4189
4272
9144
9898
2065
4771
6915
5420
1770
1278
2630
9857
35
5383
3152
1682
4001
2540
7021
1106
9981
3319
8015
9210
1167
4190
1262
954
9881
3847
9597
3686
4020
6751
8371
3121
755
2236
2849
2740
6646
8000
9374
6086
539
5813
2165
3649
8380
3955
5347
664
4707
5827
2139
3493
9123
9639
6816
8078
966
4885
9000
1487
9474
7924
1183
1950
6115
8665
4595
3268
9379
3411
573
6630
9599
9105
2544
3324
5127
7411
8176
9770
5068
4687
4100
2435
3954
3403
6334
4799
3730
3009
2801
601
8180
9436
7311
3146
6748
920
9093
1934
9628
2295
7914
2306
165
889
8426
375
7720
1749
8774
8296
4441
7009
4440
5025
1348
685
3682
2035
9625
3560
9061
5713
6727
5181
4712
7035
5309
6158
7583
3513
6428
2022
1094
7511
2485
1788
7936
420
3195
1558
7169
406
8087
6651
5384
7802
9584
5869
929
824
5442
9786
4153
3000
331
6232
4040
9603
4267
720
5184
7569
8816
5189
7099
8215
8556
1292
5129
918
8726
9561
2325
9287
6307
9445
929
3949
5616
8243
6548
9760
4502
9018
1410
6216
6662
1211
5854
5058
3717
7905
3960
1801
1708
6243
5986
6761
780
1461
1482
8468
7877
1214
2401
7233
8657
2640
5245
232
6379
6992
2533
1937
623
3884
2639
3490
6190
644
4638
6231
5995
5402
2224
7829
211
1806
939
9549
6243
6163
2044
7766
911
8041
5296
9952
3764
7952
6632
5717
3708
1026
1290
7389
3009
5313
1776
3187
5864
3947
9549
3929
7498
6020
6528
3537
4586
7523
3782
5546
2928
7870
4976
7871
9760
5353
6011
9702
6348
8309
8833
6630
2854
6447
8132
7284
6591
8718
1552
6441
2757
518
3422
6768
2866
9036
7241
8927
5466
4643
5307
5396
4554
1099
8594
7548
4280
1438
7558
5147
5612
8301
2188
9254
6326
3410
9029
6276
8206
7218
8185
766
6647
1948
583
5166
3331
422
7811
4338
3494
1754
5226
1575
9413
7017
58
5756
5435
3630
7772
8126
3766
4909
5326
266
9966
8736
8480
9577
573
6494
4464
7292
6387
391
2149
5463
6354
9042
2540
2989
6774
8489
7979
8141
1036
1286
9987
3208
7939
3553
596
1085
8667
6535
6805
7875
6700
8318
7817
642
1667
1262
1070
6575
4718
8580
6464
6797
2525
9070
9676
7399
9181
7516
1892
5641
769
145
9824
1473
1393
7328
860
1672
6898
2622
9145
9629
978
454
6481
976
7479
5265
7537
3438
5256
7295
8843
5958
909
5172
2931
3820
2036
8497
1363
4552
1271
7776
2581
3582
6860
7660
4745
5105
1401
7185
9323
8637
2165
5442
3811
4387
1925
9919
7996
8057
1742
6538
7787
9746
3500
758
910
8585
9999
8382
7615
710
6615
7430
7250
5207
1802
5234
8234
4964
9491
6887
9288
2448
3438
7542
9966
8682
2088
6698
3551
3765
5330
1739
6527
9261
9266
6847
4666
382
7021
8040
331
6175
7232
9088
7530
9000
1461
6255
283
1613
1960
548
2147
8912
7406
9975
970
9660
5028
2185
9770
1159
9682
5133
9344
9242
4708
8129
9002
5725
9811
3246
5731
6901
4883
529
3668
8960
8315
3521
2933
5768
5655
8502
4910
5696
9566
3505
7433
2445
4611
8495
6431
6018
4178
9970
1128
3476
4817
1833
3570
9330
2186
1293
962
1914
7165
8471
7796
748
7906
6620
1415
753
881
2202
1779
6212
3882
3262
3466
6848
311
793
4895
5717
4943
4967
2929
9265
5778
2422
1004
9307
2881
7789
7886
7534
7145
2395
4070
3374
4271
4100
4325
7882
5563
7103
1094
8594
5287
2369
3241
2313
665
5635
195
9546
2088
9906
7643
7724
803
1796
8295
7335
8723
8604
7694
4413
9344
602
4788
8960
8728
1062
4209
3870
3387
6581
8476
1035
4646
388
7746
5918
3579
5131
7656
979
4527
8657
8588
3737
9051
6908
7218
192
7774
685
9730
1861
3848
9572
9646
867
7325
1475
6299
9507
5106
1611
8550
4528
9883
678
9062
8327
8235
9304
1004
8158
3773
2735
5804
1116
8606
6697
6306
797
1438
7933
2011
9454
9239
8871
8956
7261
1293
6518
1217
9535
9067
4302
6080
4410
4424
612
7388
7146
1234
1424
6340
5193
8747
8059
2528
8413
4468
3083
5909
6198
6895
7640
9439
1575
2029
2990
480
2163
5156
8606
4753
7395
8
1736
5263
8191
844
1944
1619
2961
1717
8019
7488
3514
2891
9819
6404
6827
8384
6487
508
7817
1472
8932
7840
8825
4505
451
5896
3686
1541
7203
9133
2385
2086
3523
4520
1383
3103
3229
1890
3723
2833
5761
6780
8395
2400
6179
4691
5764
8110
7717
1523
4349
5888
1661
5609
33
4720
3803
6187
955
2431
1949
6408
9862
1155
1137
1774
2685
8502
8552
4686
3182
8904
5958
7515
5434
7423
9548
1761
5134
9332
9306
1188
7057
9192
5835
3745
9082
1886
2401
6981
4358
5982
5949
2140
9152
3829
287
9223
4917
6918
8039
9940
9430
5749
6355
8666
2840
6952
2491
8562
8929
1859
2485
134
2998
5766
1437
9544
89
741
9210
3620
3949
6309
9471
9483
2401
5168
1509
8944
5594
2197
5902
8996
5291
2347
4471
3403
2107
5340
101
7899
9956
7100
9763
8795
5583
9246
1102
7518
3581
5945
941
7370
2028
5321
4507
4821
9939
2442
9816
4578
2056
3155
3496
1498
2013
765
9142
563
1649
2303
7902
2165
6083
3206
8248
181
7792
2028
4529
5086
4298
4601
5573
5281
6815
6140
4656
3996
2281
3343
144
1678
1343
5255
83
9858
4712
2667
8587
8347
9701
674
4416
4906
7483
2878
7758
9688
1792
3456
4060
3191
9785
8411
9149
701
7304
1569
9851
4014
2218
7341
2127
1842
3145
8508
937
7013
5211
2759
9214
2771
5590
4515
9295
2194
317
5702
8981
4622
7893
6871
3871
3586
2497
521
2463
1741
7496
5248
1681
2369
8111
2711
6048
1095
6357
5296
6650
6291
6097
5303
7649
8491
8171
3206
7778
4740
8616
1896
6156
3680
6201
1455
1297
5479
9870
9557
4057
4646
4937
6767
7711
2111
9911
392
8172
4150
6561
7131
5448
4721
4580
4338
1089
9150
6994
6180
3808
2565
1900
3299
3659
1874
99
5357
7772
6797
3628
3495
8003
9996
7761
6727
8199
3002
5256
9216
5607
9087
4670
3915
1941
5195
1132
7060
2006
2994
6430
7244
8022
5762
1791
4540
3524
3278
3460
4095
9906
9414
3990
8524
6803
3339
8794
7067
9435
3520
9742
8515
101
7144
5928
9149
3806
4570
1269
2977
7482
3904
1901
4857
8997
340
3458
5288
6638
6819
5545
9162
8279
816
8939
5319
4564
202
9374
273
9082
8643
528
7906
4145
8554
391
4339
753
9900
576
5386
1901
120
4253
6546
5427
1412
5277
2627
5122
6056
4944
7698
2429
7253
798
6365
3200
2782
116
3816
4813
9389
9975
4762
590
5578
1115
9264
3461
5655
8230
1348
9545
7160
6085
9805
4998
4126
970
9680
66
425
3499
920
9226
5081
2776
6647
6592
453
5630
9745
8686
3464
6325
7530
2166
4086
3607
7035
7896
3054
3253
4238
4097
6284
3642
8858
3456
5433
3508
1452
7182
1351
2007
8099
5182
399
8880
9171
685
3371
8148
5095
7212
6321
2258
6640
259
9754
7203
3975
8048
2128
7708
9814
2223
7356
5312
4923
4083
9050
8606
785
3382
3178
7699
1328
986
5735
5702
5131
7005
6722
9546
9184
2020
3988
5798
9562
3696
4205
1452
8335
695
5646
5577
7279
8653
7890
9972
6331
2570
7794
5960
8390
3089
1359
204
175
3085
7105
6034
285
2811
375
4489
8715
185
448
3956
9587
5291
3680
7656
6317
1756
7319
4467
1023
1997
9166
3983
1039
7730
8458
3292
9859
2284
4932
8689
3497
3265
1296
5807
467
747
441
5527
1272
3745
9714
816
2154
3157
66
5619
5269
1645
3162
1335
999
5021
2854
7529
2987
868
684
2118
7861
6289
2560
9461
1608
8175
4729
4976
382
2250
5872
1900
8076
867
6906
8428
9789
8719
6030
5013
3181
135
9437
8149
7270
2427
9591
4293
5975
9505
9149
9141
7945
5257
1759
2824
6988
4388
7389
5036
528
1324
31
2667
4471
2996
7518
8178
9149
9729
8935
1220
1736
9961
1219
1856
3886
2231
9029
9275
4211
5763
9702
6580
6049
9412
2916
1684
3726
268
5689
8145
4893
3200
5202
5176
6488
1059
7839
6427
7150
8505
1660
1621
8533
2768
5244
9863
9302
1927
6526
6682
124
4324
9958
2073
3784
6094
1464
3642
1913
6330
9961
1625
1900
8307
532
7162
6632
4823
8420
9154
2231
4858
8589
2187
9852
882
5646
5199
9270
3944
8319
3545
3238
1844
4020
5353
9099
1215
1438
7970
6504
6974
3929
8468
4176
5342
4816
2924
1634
1717
998
6341
4707
829
7804
1539
5398
3935
6345
7869
5393
7054
9939
2626
1595
3134
4719
3837
1859
6537
2717
9497
8859
6352
7738
9499
2213
3702
646
7110
2105
798
4428
2095
2015
8466
8563
1064
1707
7379
1162
8457
7157
7258
3638
2597
5500
1448
2285
6654
9737
242
2512
4851
6311
5955
4989
1743
9333
9275
4386
3383
3909
736
1644
1482
2396
7889
7459
4426
1299
5738
7414
389
4499
5864
922
6818
2838
3461
3780
2537
3411
172
8789
3518
6677
8920
6101
3852
4849
786
6825
9683
2475
1286
5223
801
6079
9813
6530
5583
3445
2574
7448
475
9637
2304
4885
2248
9929
4993
3534
418
2406
1265
6761
109
6258
8793
3446
4576
9304
7206
4534
9628
6115
1078
7138
6964
6814
8972
9408
5243
1547
9865
7924
11
4236
9608
998
7479
1957
1367
9480
6235
5623
9240
7826
1595
7152
7596
6563
7961
2565
9376
3493
9653
5542
1622
4379
5347
6913
3623
6691
1706
6955
823
8040
8418
6522
9452
7811
3346
6964
8276
7949
1210
9995
7076
4732
2808
2878
1299
7135
2082
2684
3329
41
9341
3551
8960
4355
2353
8874
3239
4757
1195
2164
5757
1395
2472
2721
10
9187
836
3578
8346
5368
8571
1128
2572
9060
4162
985
4880
3712
7318
1235
582
7194
9683
7002
7671
9330
2914
7804
3897
3164
3775
4491
8393
4959
3307
2443
8704
5041
5739
4467
4769
3348
674
3080
8176
8945
9248
1278
3587
4688
5013
8064
2016
8975
5161
9404
1609
1859
4141
1274
140
8085
5560
7329
4716
3939
8961
6453
2578
5860
2677
8139
8525
3651
2418
3336
5602
7354
7927
4648
3946
1883
2257
7617
4697
7597
9965
6658
9522
8403
6604
8894
5946
7858
1214
2429
7323
4913
2036
5050
6808
7854
9090
1964
1535
9473
8188
1270
7140
1318
9788
3294
8110
3669
4666
7947
3873
4053
3100
6963
8601
4718
4036
6032
3990
4214
4630
9814
1373
3423
1561
8878
1376
8516
610
1973
4429
3924
3673
7924
3367
3141
8322
9129
634
7386
3904
1090
1937
4044
1472
8601
928
6547
1456
6123
9145
9952
9233
9966
7459
824
6679
4022
8602
3170
8370
6623
6520
115
4217
3032
4891
9390
5237
1086
2205
1619
620
757
1986
5722
6627
8951
3471
8993
2927
6356
6414
9350
7385
8940
6244
9146
1448
7668
8461
4920
8140
3505
9551
5283
1018
2819
7408
3233
738
5198
4750
4413
2299
3295
3278
8473
6844
9684
248
9035
323
1065
8275
1673
7518
174
3595
3862
6939
2450
9212
2558
2055
9835
7264
4752
9861
2305
9007
7081
7261
9433
5823
586
5155
8675
9712
9184
9187
2331
5156
1678
8236
708
79
9886
5226
9780
670
6688
2216
1782
1462
2542
6824
760
664
406
1223
5010
8062
7062
9764
8550
563
7734
2683
1080
2900
5022
2821
9835
9011
6568
1625
3824
1796
2351
6190
4743
4100
2155
707
1446
6742
2135
7286
1322
272
9694
6051
163
1329
4616
1350
3107
6409
1146
6446
7186
7758
3110
6598
8052
5421
6318
9481
9320
7323
1309
8873
1179
5433
6664
4654
92
9371
3970
189
7166
6252
2204
5655
5436
8902
3921
134
8285
153
7693
4022
3812
1384
6533
7403
8605
7082
2522
701
6910
4405
7176
6149
5240
1712
7056
4214
9120
4491
5574
764
6933
9352
8057
3889
9221
7529
9539
6443
2083
1658
3422
1859
2362
5182
5130
8991
5155
5642
5772
6295
7720
1893
1558
5681
2993
8682
5229
9153
7931
3774
3004
2043
5333
8080
5842
5050
624
8456
5180
2759
477
6604
2255
9789
9439
9934
3695
6769
8481
5005
6948
4291
2151
6586
9396
2835
8188
2673
5808
9074
2663
1105
9750
4308
4561
5659
9456
9915
5554
5216
9006
6836
2103
4066
219
9104
5093
4811
2943
9002
2124
7935
564
2341
1728
2610
7477
461
3593
2477
2352
1266
1420
4500
1042
1634
9131
8561
2891
8370
2457
6675
8828
5200
8016
7505
9544
7904
971
4687
9719
8077
1801
7227
4527
9351
690
4784
120
3863
4816
3935
7855
3037
1960
6395
3959
9782
3505
2036
266
4912
9348
7885
2321
6510
9290
7883
7061
7123
3742
1216
5710
3340
9165
991
1331
2872
2624
8236
8199
9357
2849
2950
951
4288
1989
1941
4038
6300
9354
314
4895
80
2878
407
96
7909
8077
6565
2778
3131
8414
3718
2408
1683
8525
7667
900
7178
3328
1576
9361
9567
4863
6139
6667
2825
8409
2075
8282
8844
9788
7681
4187
8984
1822
8926
5549
4092
6616
3168
9973
4293
9272
4839
9204
9474
3051
1186
9111
8959
8056
447
4265
1572
216
4991
8805
9359
8467
762
8085
7833
3072
6539
7802
7207
7538
7143
841
445
3040
1001
3927
9209
1624
4396
294
9531
6240
5241
5615
8619
1722
6352
5569
6771
2872
4743
5949
4613
1808
3192
8899
4103
3592
2149
295
3433
5431
2429
1386
9589
9141
8470
1413
6960
5583
5165
5347
8019
1558
6177
7327
6327
2533
2284
6506
8152
5909
939
7183
6435
5548
6953
1377
4313
3645
7247
2452
4784
3793
3005
6984
1357
9381
971
7361
4411
4014
2678
3366
9330
7113
873
9841
4225
8586
6697
8109
5998
9675
7337
2596
159
9237
721
5042
5746
222
7536
4846
9390
4791
2576
3149
4952
2754
96
9162
3719
7493
3978
6199
1361
1838
8601
2138
8648
9954
1952
2864
2308
7977
728
1345
2433
2425
2978
2608
1013
6605
402
1299
62
4572
3418
4472
7165
4623
8391
2499
113
7260
6785
2489
2788
3629
3715
6262
709
1894
3011
3417
9048
4192
6291
1654
5720
7885
7584
7761
8018
1613
4660
3959
7017
1935
1961
1897
697
6131
8576
5521
1096
7540
5098
8040
875
8218
4093
4097
5296
7757
3199
6303
5560
3085
2897
4562
5442
1667
7164
4436
2477
5909
2675
7732
2212
5914
3031
7417
491
2648
3412
4245
5618
7632
7199
9045
2699
5699
4979
5394
7902
7623
672
9503
296
1930
8019
3208
2302
2766
345
5343
7577
989
1033
6163
231
7161
6913
599
6312
875
3993
6227
2396
4779
2591
2131
2989
6994
2476
2425
623
4625
804
6556
9213
4752
9720
706
4463
1328
5262
9016
9373
7481
9910
5324
1650
9374
6616
4918
1716
4068
3223
8884
6583
7808
1352
7979
7258
8049
3768
6669
3669
1926
9870
8614
7658
81
8742
3129
1076
9158
6545
9749
5630
7929
8466
7604
660
2884
9347
3793
9954
9300
1597
7757
5966
3822
8772
8413
6539
8471
1141
4435
7079
3850
4126
3750
4097
7522
3531
1348
381
3391
5267
2775
2131
8585
4610
7793
5064
3217
3598
8987
6128
6892
720
6924
3868
509
3450
444
6209
2915
4418
6658
8828
7787
3788
9258
3616
2570
1372
2866
5296
8448
6761
6597
3905
6923
3700
6387
6805
2690
7355
1189
1576
6139
4332
3935
874
2229
9613
2260
3330
5310
655
8776
2585
3123
1278
5214
385
7181
1596
1996
9011
2213
705
5699
6395
625
1531
2667
3906
9272
262
4901
4866
3006
9421
6219
9591
4126
944
8746
448
7815
9058
8770
6562
5296
6457
5270
7948
8148
1891
6592
4272
3265
6920
8586
2720
6686
3489
470
8797
5631
1876
1434
5608
3381
9384
3033
6121
4942
4216
2227
9274
5815
7379
2144
2437
5001
3231
1856
2111
303
8355
6194
411
846
559
8624
1769
4133
9922
2645
9970
854
3471
4284
1752
5742
2052
9442
5046
3170
5681
8963
402
3340
3840
4190
2361
1288
5558
6415
5607
3737
5962
3298
3287
3270
4083
814
3391
5709
9032
5453
8223
3981
837
2981
7848
1142
4046
7496
2880
308
5959
5063
550
8087
3152
5836
7495
3462
41
3999
5931
8661
7102
9514
126
4492
9902
8398
8453
2623
963
3205
5417
4907
6323
1047
8026
3168
501
9776
3462
9020
9432
6893
8732
1843
5196
9998
4898
2326
1309
9633
6793
8405
5270
3360
7233
8419
5829
2062
5457
5816
8494
8836
5790
1179
2872
5509
4357
7291
7598
8885
1202
3941
1394
5765
93
7937
8392
2970
476
7651
3749
2989
8383
6896
7254
2752
635
2016
3033
151
9818
5506
9741
5600
9223
2985
8987
3674
5019
5615
9209
4861
7208
7463
1771
6597
23
5558
9228
5806
3469
1121
9522
5592
1093
4889
2874
3568
1952
5843
3241
4710
6045
6959
616
8015
7053
7424
9488
1807
2744
9459
7487
4328
6958
1484
4029
1575
3545
1430
7195
1576
4919
4856
5585
8716
3039
4898
8286
4564
8207
8336
5768
1431
5807
6339
825
6295
1205
610
253
2925
2153
6053
5673
7281
2175
7606
4335
4512
6660
2515
5442
6441
5226
5475
6021
786
8729
7723
6071
391
4785
3634
7479
4843
876
9716
495
1986
5999
4179
8996
1761
6780
6342
8338
8822
3913
7502
865
980
6650
44
9636
384
4946
5827
8785
7420
7272
3809
9139
6075
1904
1866
8556
6316
7799
3810
6320
2697
6265
5138
6244
720
4010
4077
4301
7069
9882
5399
8746
9543
7235
5684
9521
1112
1906
7857
4104
9543
1606
4732
5944
3324
2327
4248
9720
4925
9624
2663
2844
627
2642
6704
3843
3174
4422
566
1916
7213
7625
7320
2825
3568
5387
264
562
742
3148
5836
5199
1485
2241
4668
9602
4872
1015
7490
2751
3831
6522
3631
263
3540
2002
7354
3970
7528
2740
5311
7753
9040
6802
4788
2674
8903
5968
3320
2566
9746
6900
9049
3413
6862
4007
5179
564
1371
6886
712
5949
203
2809
7286
2460
4653
7228
3420
1308
3762
6638
5618
8435
7965
8309
68
3907
6040
5620
3036
5713
8545
7240
4295
4060
8812
9258
5563
9515
2036
5755
2661
9052
6991
6449
4693
4109
176
9931
8865
4165
1420
7752
8766
9094
8255
1683
4194
2048
6203
401
896
6334
8075
3464
5316
4509
7284
9638
8524
4737
7942
7159
9392
972
5775
7110
2543
2795
428
3814
2904
8090
7912
7912
1281
7560
1551
3318
7905
8874
3079
5455
1383
4212
2057
1998
3553
1034
8293
5303
4364
1777
7090
7199
2644
3887
4683
2476
1101
3564
3267
1454
1213
6480
2097
592
279
9627
4908
6817
1961
4877
7778
5488
1467
8169
2306
6747
1073
6386
3674
6642
3582
6745
9355
2007
7865
6223
3775
6558
3450
7673
5992
3241
1703
3614
3625
3389
8600
5715
2015
4302
2502
6259
5828
8981
1886
5313
3694
